1781	8215884	contact	0	0
1781	7397355	call	1.15	2
1781	5750481	call	2.75	3
1781	6463030	call	7.85	6
1781	8674558	call	5.73	10
1781	42001	call	47.0	46
1781	4968312	call	1.73	3
5032	8124987	call	10.72	13
5032	5679667	call	19.25	17
5032	8124987	contact	0	0
29560	8003631	call	9.88	3
29560	6736780	call	12.07	2
29560	7425113	contact	0	0
29560	8003631	contact	0	0
29560	6736780	contact	0	0
29560	7425113	contact	0	0
29560	7425113	call	7.83	2
29560	6736780	call	12.97	3
29560	8003631	call	12.5	5
29560	444148	call	2.15	5
34508	4041791	contact	0	0
34508	4041791	call	9.4	5
34508	7137004	call	5.2333333333333	3
34508	8942346	call	4.9333333333333	9
34508	2356944	contact	0	0
34508	2356944	call	233.03	57
34508	2356944	call	124.88	20
42001	6466333	call	12.0	26
42001	8200320	call	15.216666666666667	22
42001	1297887	call	3.15	5
42001	4092537	call	7.03	11
42001	8528712	call	2.15	4
42001	6544694	call	23.22	34
42001	1781	call	47.0	46
42001	2063213	call	34.37	71
46406	5776323	call	1.9	3
46406	5776323	call	1.9	3
76881	536468	contact	0	0
76881	76881	contact	0	0
76881	536468	call	19.18	11
76881	536468	call	2.05	2
82877	3264806	contact	0	0
82877	8341692	contact	0	0
82877	3264806	call	1.1	2
82877	8341692	call	9.03	3
110966	1381599	call	4.18	6
110966	3757805	call	22.316666666667	28
110966	3734524	call	13.866666666667	21
110966	8859193	call	1.4833333333333	3
125727	2840159	call	15.97	19
125727	536468	call	15.53	22
125727	4149779	call	158.38	230
137342	6932900	call	4.35	6
137342	6912461	call	16.416666666666668	27
137342	1297887	call	10.583333333333334	3
137342	5471776	call	25.48	52
146149	7721397	call	45.2	20
150964	2639019	call	4.9833333333333	6
158204	4251715	call	21.5	29
158204	9178900	call	3.82	2
158204	4251715	call	7.38	8
158204	5591672	call	4.4	9
158204	9050881	call	17.12	17
158204	5591672	call	4.4	9
190338	6428672	call	7.3	3
190338	2689145	call	5.38	7
190338	9274515	call	2.0	3
205961	7160104	call	2.4	2
205961	3264806	call	329.42	148
257645	3665021	call	702.65	399
257645	3665021	call	601.38	308
261783	5029603	call	2.0833333333333	3
261783	760466	call	1.75	4
261783	4779605	call	9.5166666666667	12
261783	5818765	call	22.75	31
261783	4031490	call	114.83333333333	85
261783	5029603	contact	0	0
261783	2675810	contact	0	0
261783	5818765	contact	0	0
261783	6334566	contact	0	0
279234	6330679	call	1.5833333333333333	2
322602	2488275	contact	0	0
322602	2488275	call	1453.37	1211
322602	2488275	call	1308.5666666666666	1248
330880	8560744	contact	0	0
330880	8560744	call	12.93	12
330880	788391	contact	0	0
330880	4411857	contact	0	0
330880	6330679	call	29.35	50
330880	2382058	call	2.33	4
330880	8560744	call	8.23	7
330880	2896336	call	32.33	47
330880	6330679	call	29.65	50
330880	4688307	call	112.95	158
330880	4688307	call	59.8	77
350333	2725613	call	6.15	3
350333	1768615	call	12.516666666667	12
350333	2725613	call	6.15	3
350333	701935	call	2.33	7
350333	736660	call	24.7	46
350333	7634593	call	88.75	109
350333	736660	call	44.2	72
350333	7634593	call	95.3	120
353529	2938358	call	12.03	2
353529	9262962	call	1.6166666666667	2
353529	6933145	call	6.25	4
389591	9186413	call	1.95	2
389591	6817924	call	242.38	68
389591	6817924	call	101.27	22
412920	5911961	call	57.38333333333333	31
415315	5511303	call	25.87	19
415315	5511303	call	25.87	19
415315	1584760	call	4.183333333333334	4
415315	5755887	call	159.07	176
415315	4573005	call	27.85	4
415315	4251715	call	6.23	2
415315	3756409	call	2.38	2
415315	4573005	call	27.87	4
415315	1584760	call	4.22	4
415315	7238558	call	11.2	20
415315	5511303	call	31.8	23
415315	5497342	call	98.4	153
415315	5755887	call	160.27	177
416771	4793856	call	266.23333333333	259
416771	7161824	call	1.73	2
416771	6334566	contact	0	0
416771	6334566	call	10.72	21
416771	6552399	contact	0	0
416771	5301453	call	35.1	41
416771	6496482	call	26.55	25
425893	7389748	call	9.3	6
425893	8215884	contact	0	0
425893	8215884	call	2.77	5
425893	2229507	call	10.8	15
425893	1769750	call	165.61666666667	109
425893	736660	call	1.05	2
425893	2008781	call	4.4	2
425893	7810481	call	1.2166666666667	3
425893	7137004	call	2.7166666666667	5
425893	4001394	call	13.083333333333	7
425893	8215884	call	9.9666666666667	14
425893	1769750	call	13.516666666667	21
425893	6693258	call	25.416666666667	28
425893	4001394	call	53.35	30
425893	736660	call	3.48	7
433487	5485513	call	2.8666666666667	3
444148	5029603	contact	0	0
444148	5029603	call	2.95	5
444148	5029603	call	1.27	2
444148	29560	call	2.15	5
444148	9034156	call	80.67	6
444148	2648283	call	121.53	22
482860	8500856	call	2.25	3
482860	5498757	call	14.266666666667	16
496454	3677097	call	2.15	2
513538	1582538	call	11.83	19
513538	1685709	call	1.43	2
513538	1493640	call	1.1	2
513538	1304244	call	3.0	3
513538	1582538	call	11.8	19
513538	5770677	call	69.1	104
513538	5770677	call	52.61666666666667	67
513765	9050881	call	5.95	6
513765	2754021	call	12.666666666667	8
513765	5301453	call	2.98	4
533846	1304244	contact	0	0
533846	5719300	contact	0	0
533846	5719300	call	282.32	204
534981	5969042	call	12.43	6
536468	76881	contact	0	0
536468	76881	call	19.18	11
536468	5970554	call	6.85	2
536468	6849722	call	3.85	3
536468	983253	call	10.05	11
536468	76881	call	2.05	2
536468	6849722	call	3.85	3
536468	4788329	call	5.37	4
536468	2461440	call	3.25	4
536468	1005467	call	3.33	5
536468	125727	call	15.53	22
536468	1005467	call	3.33	5
536468	2461440	call	3.2	4
570029	9055853	call	2.73	2
570029	723021	call	1.1666666666667	2
570029	7456897	call	4.55	2
570029	7338178	call	8.2666666666667	3
570029	6597613	call	1.6333333333333	6
570029	2268629	call	3.6	7
570029	9055853	call	6.3	9
583539	3167371	call	6.6	7
583539	3167371	call	11.133333333333333	14
583539	4624143	call	3.6	4
650639	2965289	call	2.77	4
650639	7665383	call	2.72	5
650639	2595398	call	3.52	8
655797	1511345	call	1.7166666666667	3
655797	4846937	call	1.3833333333333333	5
659298	1781405	call	16.1	23
659298	4735493	call	3.23	2
659298	5473989	call	4.883333333333334	4
659298	6925892	call	1.42	2
666465	2268629	call	24.016666666667	18
680050	2689145	call	1.8166666666667	3
680050	1511345	call	5.1166666666667	5
680050	1511345	call	6.5666666666667	8
683051	2885439	call	1.73	2
683051	2885439	contact	0	0
683051	2885439	call	1.7166666666666666	2
701935	350333	call	2.33	7
701935	7634593	call	32.85	44
711556	7648975	call	2.05	4
711556	2488275	contact	0	0
711556	4309601	call	1.8333333333333333	2
711556	4735493	call	22.15	16
711556	4373288	call	4.47	12
723021	570029	call	1.1666666666667	2
736660	7397355	call	78.92	112
736660	2725613	call	3.6	5
736660	2229507	call	8.366666666666667	17
736660	2754021	call	1.15	2
736660	3328333	call	4.3	5
736660	2675810	contact	0	0
736660	1768615	call	36.783333333333	57
736660	425893	call	1.05	2
736660	350333	call	24.7	46
736660	7753566	call	2.35	2
736660	7091725	call	2.12	2
736660	2725613	call	2.2	3
736660	3328333	call	4.3	5
736660	7397355	call	4.37	7
736660	425893	call	3.48	7
736660	2229507	call	5.67	10
736660	4180008	call	7.17	13
736660	7939539	call	48.03	59
736660	350333	call	44.2	72
736660	1768615	call	61.12	100
736660	4180008	call	12.75	26
760466	3167371	call	4.95	3
760466	261783	call	1.75	4
760466	5818765	contact	0	0
760466	3167371	contact	0	0
760466	3167371	call	4.95	3
760466	5818765	call	138.18	67
761429	7210484	contact	0	0
761429	7210484	call	2.2	2
761429	4001394	call	10.116666666666667	10
761429	4001394	call	3.18	2
761429	1412774	call	56.83	74
761429	3498961	call	2.73	5
788391	8707940	call	8.3166666666667	6
788391	8707940	contact	0	0
788391	6330679	contact	0	0
788391	4688307	contact	0	0
788391	330880	contact	0	0
788391	6330679	call	12.35	11
788391	4688307	call	22.22	44
788391	6330679	call	79.66666666666667	108
788391	4688307	call	29.82	36
797702	7732925	call	2.0	4
797702	2725613	contact	0	0
797702	2725613	call	49.98	59
797702	4041791	contact	0	0
797702	4041791	call	2.3666666666666667	2
797702	9366868	call	10.233333333333	9
797702	6334566	contact	0	0
797702	6334566	call	1.28	3
797702	1322128	call	2.45	5
797702	5398199	call	35.983333333333334	43
797702	6334566	call	1.28	3
797702	6912461	call	1.33	5
797702	1322128	call	2.68	6
797702	4212836	call	3.53	9
797702	8162221	call	13.7	24
797702	5398199	call	37.45	45
797702	2725613	call	53.1	67
848046	3857531	call	22.983333333333	16
848046	4534914	call	7.7333333333333	6
861624	8724081	call	9.9666666666667	13
861624	6310882	call	36.166666666667	102
861624	6310882	contact	0	0
896890	8560744	contact	0	0
896890	8560744	call	2.3	8
896890	8560744	call	2.28	8
921752	2976872	call	3.25	2
923334	9011632	call	2.9833333333333	9
923334	6736780	call	28.433333333333	53
923334	6736780	call	18.67	41
923334	6303547	contact	0	0
940610	6402665	contact	0	0
940610	9150958	contact	0	0
940610	9150958	call	3.5	4
940610	6402665	call	18.366666666666667	21
940610	9150958	call	3.5	4
964400	5549207	call	5.75	8
964400	7321324	call	26.65	20
964400	5549207	contact	0	0
964400	5549207	call	2.08	3
966484	7721397	call	34.8	23
968925	3626396	call	25.133333333333333	36
968925	8725700	call	3.7333333333333	2
968925	3626396	call	19.58	28
971478	8279785	call	117.63	81
971478	8279785	call	72.1	59
971478	3060148	call	81.6	90
983253	7665383	call	1.3833333333333333	2
983253	536468	call	10.05	11
989157	7755241	call	2735.35	971
1005467	536468	call	3.33	5
1005467	536468	call	3.33	5
1005467	6100620	call	12.57	8
1005467	6100620	call	8.0	5
1030901	5755887	call	9.35	3
1065676	4407579	call	54.33	84
1065676	4407579	contact	0	0
1067659	5045431	call	10.02	6
1083577	2138855	contact	0	0
1083577	2138855	call	2.38	3
1083577	4620296	call	2.716666666666667	2
1087901	2138855	call	2.0	2
1132388	8317544	call	34.95	69
1132388	6466333	call	1.33	2
1132388	4280789	call	3.5	7
1132388	4280789	call	3.48	7
1132388	8889539	call	5.23	10
1132388	2063213	call	8.43	12
1132388	8317544	call	79.28	119
1132388	1749829	call	110.7	223
1132388	1749829	call	107.77	213
1132388	2063213	call	20.93	25
1132388	8889539	call	5.22	10
1133940	5485513	call	40.516666666667	25
1160687	5758070	call	6.566666666666666	5
1160687	5758070	call	6.55	5
1160687	8828413	call	10.516666666666667	8
1197655	4601369	call	53.75	24
1209434	2324711	call	1.13	2
1233330	4107924	call	2.25	3
1234741	3276644	call	13.13	21
1234741	8062379	call	4.6	2
1234741	5314365	call	35.38	19
1234741	3276644	call	12.92	21
1242376	2689145	call	1.8	3
1242376	2840159	call	5.58	4
1242376	1453903	contact	0	0
1242376	2689145	contact	0	0
1242376	2840159	contact	0	0
1242376	2840159	call	5.58	4
1242376	1453903	call	5.77	6
1242376	2689145	call	19.62	42
1248674	4261603	call	3.6	7
1248674	6912461	call	12.82	26
1248674	4261603	call	3.566666666666667	7
1295822	4528339	call	1.38	2
1295822	5869912	call	104.45	143
1295822	7515287	call	1.1833333333333333	2
1297887	8200320	call	104.05	107
1297887	6544694	call	1.2666666666666666	2
1297887	137342	call	10.583333333333334	3
1297887	7744353	call	6.966666666666667	4
1297887	42001	call	3.15	5
1297887	3756409	call	12.7	13
1297887	8200320	call	107.15	95
1297887	8713990	call	2920.9	1302
1304244	7214221	call	38.25	27
1304244	4411857	contact	0	0
1304244	4411857	call	3.5	5
1304244	513538	call	3.0	3
1304244	533846	contact	0	0
1313800	4235380	call	1.95	3
1313800	5229086	call	1.0833333333333	5
1322128	7389748	call	3.1333333333333	4
1322128	2725613	contact	0	0
1322128	2725613	call	15.57	16
1322128	8480470	call	3.533333333333333	2
1322128	2675810	contact	0	0
1322128	1339288	call	47.42	66
1322128	8366049	call	6.97	6
1322128	4968312	call	19.55	11
1322128	9329573	call	2.07	2
1322128	1324419	call	1.3	2
1322128	4212836	call	2.93	3
1322128	2689145	call	2.25	3
1322128	7999398	call	3.85	4
1322128	4793856	call	3.63	4
1322128	797702	call	2.45	5
1322128	4968312	call	13.05	6
1322128	8366049	call	6.95	6
1322128	6552399	call	6.65	9
1322128	7397355	call	8.73	10
1322128	2725613	call	15.57	16
1322128	1339288	call	55.0	91
1322128	1324419	call	1.28	2
1322128	797702	call	2.68	6
1322128	2179273	call	3.5	5
1324419	6932900	call	48	51
1324419	8215884	contact	0	0
1324419	8724081	call	4.32	4
1324419	2725613	contact	0	0
1324419	2725613	call	1.92	4
1324419	6552399	contact	0	0
1324419	1322128	call	1.3	2
1324419	1322128	call	1.28	2
1324419	8724081	call	3.78	3
1324419	1816931	call	28.57	29
1324419	6932900	call	33.53	30
1324419	6552399	call	36.98	45
1324419	4212836	call	55.17	59
1339288	2725613	contact	0	0
1339288	1768615	call	2.2166666666667	3
1339288	6436524	call	1.13	2
1339288	1322128	call	47.42	66
1339288	1322128	call	55.0	91
1348884	6932900	call	136.21666666666667	132
1348884	7091725	call	135.11666666667	12
1348884	3568055	call	3.7	2
1348884	3520068	call	2.6	2
1348884	7025103	call	1.05	2
1348884	6496482	call	2.1666666666667	3
1348884	4180008	call	1.1833333333333	3
1348884	1875796	call	7.65	8
1348884	7091725	call	135.11666666667	12
1348884	6932900	call	11.1	16
1348884	2365966	call	59.383333333333	115
1352842	4537180	call	1.25	2
1352842	7139017	call	4.57	8
1358001	8747415	call	175.63333333333	7
1358001	8590992	call	4.8666666666667	9
1358001	8747415	contact	0	0
1381599	2885439	call	4.23	2
1381599	110966	call	4.18	6
1398540	6007465	call	4.333333333333333	4
1412774	1633168	call	2.45	3
1412774	761429	call	56.83	74
1414573	6428672	call	8.5333333333333	2
1416479	5420850	call	11.166666666666666	7
1440076	6334566	contact	0	0
1440076	6334566	call	22.47	28
1440076	8473116	call	45.0	57
1453903	1242376	contact	0	0
1453903	1242376	call	5.77	6
1491653	3467294	call	18.0	4
1493640	513538	call	1.1	2
1495222	6912461	call	57.666666666666664	71
1495222	2679822	same_phone	0	0
1511345	655797	call	1.7166666666667	3
1511345	680050	call	5.1166666666667	5
1511345	8320374	call	3.4666666666667	2
1511345	680050	call	6.5666666666667	8
1519264	4180008	call	1.5	3
1519264	1535689	call	11.28	8
1519264	4180008	call	1.52	3
1520726	4292633	call	94.52	143
1535689	1519264	call	11.28	8
1535689	2220430	call	2.05	2
1541657	8317544	call	11.35	6
1563570	2896336	call	3.25	4
1563570	8943684	call	50.6	78
1563570	8943684	call	15.53	9
1563570	3534406	call	15.68	24
1563570	6992038	call	2401.03	916
1563570	6992038	call	2420.07	930
1563570	4413388	call	9.07	9
1563570	6242765	call	2.22	3
1564293	5479475	contact	0	0
1564293	5479475	call	13.17	9
1564293	9380113	call	2.92	2
1564293	2300241	call	1.25	3
1564293	5514483	call	5.13	4
1564293	9380113	call	2.9	2
1582538	4411857	contact	0	0
1582538	4411857	call	197.0	137
1582538	3805737	call	1.18	3
1582538	513538	call	11.83	19
1582538	4411857	call	250.3	173
1582538	513538	call	11.8	19
1584760	3312626	call	3.33	2
1584760	5497342	call	1.1	2
1584760	3312626	call	2.15	2
1584760	415315	call	4.183333333333334	4
1584760	7238558	call	12.083333333333334	13
1584760	5755887	call	66.26666666666667	79
1584760	5755887	call	80.4	102
1584760	415315	call	4.22	4
1597794	7094414	call	2.25	3
1597794	3534406	call	2.67	8
1597794	9079488	call	1.8	3
1633168	8943684	call	23.133333333333	34
1633168	7210484	contact	0	0
1633168	7210484	call	5.1	8
1633168	7166956	call	1.13	2
1633168	1412774	call	2.45	3
1633168	7210484	call	2.82	4
1633168	6231899	call	2.8	4
1633168	8943684	call	9.77	17
1658892	5563465	call	3.55	5
1658892	6849722	call	1.8666666666666667	3
1685709	6887979	call	5.63	11
1685709	3627758	call	11.683333333333	8
1685709	2171060	call	29.416666666667	41
1685709	4411857	call	25.333333333333332	43
1685709	513538	call	1.43	2
1685709	7273492	call	109.25	156
1686473	4180008	call	2.65	3
1695940	2456929	call	11.13	15
1695940	3199469	call	5.9	13
1695940	6334566	contact	0	0
1695940	4968312	call	3.22	6
1695940	6334566	call	5.45	8
1695940	5398199	call	45.92	56
1695940	5045431	call	41.03	60
1695940	2456929	call	75.92	133
1695940	5398199	call	43.166666666666664	51
1712186	5661429	call	1.1666666666666667	3
1712186	6808974	call	2.7666666666667	3
1717203	3199469	call	2.35	4
1717203	2689145	call	1.8166666666667	6
1717203	8473116	call	4.4333333333333	12
1717203	9366868	call	62.05	34
1717203	9366868	call	59.816666666667	21
1717203	3199469	call	2.12	4
1720392	2840159	call	1.75	2
1720392	4700999	call	1.13	3
1720392	4956066	call	15.25	8
1720392	4620296	call	4.633333333333334	5
1725558	9379557	contact	0	0
1725558	9379557	call	86.12	145
1725558	8713990	call	14.433333333333334	23
1725558	9379557	call	101.28333333333333	188
1749829	1132388	call	110.7	223
1749829	6166898	call	4.65	7
1749829	8996746	call	4.37	10
1749829	3876840	call	14.33	24
1749829	2324711	call	33.28	48
1749829	1132388	call	107.77	213
1749829	2324711	call	22.23	34
1768615	7397355	call	42.07	61
1768615	6976378	call	18.35	26
1768615	3355800	call	1.88	2
1768615	2675810	contact	0	0
1768615	3355800	call	1.05	2
1768615	1339288	call	2.2166666666667	3
1768615	350333	call	12.516666666667	12
1768615	6976378	call	14.733333333333	21
1768615	7397355	call	25.683333333333	49
1768615	736660	call	36.783333333333	57
1768615	7939539	call	144.36666666667	102
1768615	2356944	contact	0	0
1768615	736660	call	61.12	100
1769750	6992038	call	1.5	3
1769750	3344025	call	36.333333333333	39
1769750	7137004	call	33.966666666667	43
1769750	425893	call	165.61666666667	109
1769750	8213436	call	214.81666666667	242
1769750	8213436	call	209.45	208
1769750	3344025	call	2.33	2
1769750	425893	call	13.516666666667	21
1778766	3077940	call	45.78	36
1778766	9391573	call	12.33	4
1778766	3344025	call	1.5333333333333334	3
1778766	3077940	contact	0	0
1778766	3077940	call	28.633333333333333	27
1781405	659298	call	16.1	23
1781405	8804289	call	6.0	6
1781405	2778782	call	3.75	6
1783876	7735949	call	25.55	15
1809365	8859193	call	3.3	2
1816931	1324419	call	28.57	29
1875796	1348884	call	7.65	8
1880319	2689145	call	2.5166666666666666	7
1884458	6466333	call	6.08	5
1884458	6466333	call	8.383333333333333	6
1884458	6667294	call	2.9	4
1897977	5398199	call	9.6166666666667	8
1986004	9329573	call	8.5	2
2008781	2689145	call	3.4833333333333334	8
2008781	425893	call	4.4	2
2008781	5783894	call	16.42	4
2063213	6466333	call	2.92	6
2063213	6160470	call	2.5	2
2063213	6290168	call	2.2	3
2063213	1132388	call	8.43	12
2063213	6290168	call	2.18	3
2063213	6160470	call	6.13	6
2063213	8317544	call	5.47	9
2063213	8975793	call	13.53	22
2063213	1132388	call	20.93	25
2063213	42001	call	34.37	71
2063213	8330937	call	59.45	74
2063213	3624948	contact	0	0
2063213	3624948	call	17.8	8
2068031	4107924	call	25.27	3
2068031	4107924	call	8.88	6
2138855	4601369	call	46.63	41
2138855	1083577	contact	0	0
2138855	2138855	contact	0	0
2138855	4601369	contact	0	0
2138855	4537180	contact	0	0
2138855	1087901	call	2.0	2
2138855	2489119	call	3.0166666666666666	2
2138855	1083577	call	2.38	3
2138855	6921376	call	5.083333333333333	3
2138855	3344025	call	12.27	4
2138855	4537180	call	56.35	39
2138855	4601369	call	197.08	109
2138855	2489119	call	3.03	2
2138855	3344025	call	11.27	2
2171060	5083524	call	3.7166666666667	8
2171060	6887979	call	13.1	27
2171060	1685709	call	29.416666666667	41
2179273	1322128	call	3.5	5
2191649	4212836	call	1.2	2
2191649	7762438	call	34.47	3
2220430	1535689	call	2.05	2
2229507	6932900	call	89.116666666667	117
2229507	8215884	contact	0	0
2229507	8215884	call	1.78	5
2229507	6932900	call	15.066666666666666	10
2229507	425893	call	10.8	15
2229507	736660	call	8.366666666666667	17
2229507	736660	call	5.67	10
2249028	2675810	call	1.6666666666666667	2
2249028	3381611	call	3.8	3
2249507	6670209	call	10.716666666666667	22
2249507	4373288	call	2.3	3
2249507	5473989	call	14.566666666666666	23
2249507	2778782	call	1.55	3
2249507	7321324	call	2.08	3
2264986	2689145	call	2.8	4
2264986	6552399	call	2.77	2
2264986	6552399	contact	0	0
2268629	666465	call	24.016666666667	18
2268629	570029	call	3.6	7
2273557	9389751	call	9.7	5
2300241	1564293	call	1.25	3
2324711	8859193	call	9.4333333333333	14
2324711	1749829	call	33.28	48
2324711	1209434	call	1.13	2
2324711	3121381	call	1.12	3
2324711	8317544	call	1.45	4
2324711	1749829	call	22.23	34
2329890	2502440	call	3.83	6
2329890	2502440	call	74.35	69
2356944	8519002	call	23.466666666667	16
2356944	34508	contact	0	0
2356944	1768615	contact	0	0
2356944	8519002	contact	0	0
2356944	34508	call	233.03	57
2356944	34508	call	124.88	20
2365966	7091725	call	663.85	303
2365966	9050881	call	1.6333333333333	2
2365966	1348884	call	59.383333333333	115
2382058	4688307	call	2.7	3
2382058	330880	call	2.33	4
2382058	4688307	call	3.57	3
2394025	2885439	call	3.0	4
2394025	3749831	call	3.6	8
2443598	9380113	call	43.98	11
2456929	7397355	call	2.22	6
2456929	2725613	call	2.67	3
2456929	4041791	call	9.85	11
2456929	7167204	call	16.13	14
2456929	1695940	call	11.13	15
2456929	5045431	call	60.73	91
2456929	5471776	call	1.23	3
2456929	1695940	call	75.92	133
2461440	4102118	contact	0	0
2461440	536468	call	3.25	4
2461440	5911961	call	2.47	3
2461440	536468	call	3.2	4
2461440	4102118	call	54.6	16
2468196	5511303	call	39.63	16
2468196	5511303	call	39.63	16
2474291	2764114	call	45.96666666666667	15
2474291	2764114	call	50.4	21
2488275	9379155	call	3.58	4
2488275	6670209	call	2.05	2
2488275	8925863	call	2.9	3
2488275	7283011	call	21.133333333333333	12
2488275	8196531	contact	0	0
2488275	2488275	contact	0	0
2488275	322602	contact	0	0
2488275	4620296	contact	0	0
2488275	6670209	contact	0	0
2488275	8925863	contact	0	0
2488275	711556	contact	0	0
2488275	6905781	contact	0	0
2488275	4537180	contact	0	0
2488275	7283011	contact	0	0
2488275	4537180	call	1.93	3
2488275	8196531	call	1.68	3
2488275	8925863	call	2.88	3
2488275	5473989	call	4.08	4
2488275	7283011	call	18.18	5
2488275	6905781	call	11.72	5
2488275	322602	call	1453.37	1211
2488275	322602	call	1308.5666666666666	1248
2488275	5473989	call	4.1	4
2489119	7094414	call	7.1666666666667	4
2489119	2138855	call	3.0166666666666666	2
2489119	2138855	call	3.03	2
2489119	7943610	call	2.8	2
2489119	2976872	call	10.75	12
2490410	5756524	contact	0	0
2490410	5756524	call	13.37	22
2502440	2329890	call	3.83	6
2502440	2329890	call	74.35	69
2528569	7025103	call	7.38	13
2583457	4442470	call	1.65	2
2593682	7397355	call	3.63	2
2593682	5010375	call	32.7	3
2595398	2747621	call	1.1833333333333	4
2595398	8052914	call	12.866666666667	11
2595398	650639	call	3.52	8
2639019	6271126	call	1.7666666666667	2
2639019	9067173	call	9.85	5
2639019	150964	call	4.9833333333333	6
2639019	9067173	contact	0	0
2648283	444148	call	121.53	22
2653345	6438213	call	18.3	9
2653345	6438213	call	10.32	4
2653345	6160470	call	4.53	10
2675810	8859193	call	1.75	2
2675810	2249028	call	1.6666666666666667	2
2675810	4892313	contact	0	0
2675810	7732925	contact	0	0
2675810	1322128	contact	0	0
2675810	7231071	contact	0	0
2675810	5783894	contact	0	0
2675810	9469456	contact	0	0
2675810	261783	contact	0	0
2675810	7939539	contact	0	0
2675810	3328333	contact	0	0
2675810	1768615	contact	0	0
2675810	736660	contact	0	0
2675810	6932900	contact	0	0
2675810	6334566	contact	0	0
2679822	6912461	contact	0	0
2679822	6912461	call	36.6	30
2679822	6912461	call	83.46666666666667	75
2679822	1495222	same_phone	0	0
2689145	4408554	call	208.91666666667	257
2689145	5971797	call	2.32	6
2689145	680050	call	1.8166666666667	3
2689145	8859193	call	2.88	5
2689145	7758314	call	2.2333333333333334	2
2689145	1242376	call	1.8	3
2689145	2264986	call	2.8	4
2689145	6693258	call	3.4166666666666665	4
2689145	3719884	call	5.066666666666666	6
2689145	1880319	call	2.5166666666666666	7
2689145	9380113	call	3.5166666666666666	7
2689145	2008781	call	3.4833333333333334	8
2689145	7161824	call	4.75	9
2689145	9366868	call	7.666666666666667	11
2689145	4408554	call	16.216666666666665	19
2689145	8934970	call	16.816666666666666	37
2689145	7939539	call	33.516666666666666	59
2689145	1717203	call	1.8166666666667	6
2689145	7161824	call	6.67	13
2689145	8480470	call	4.083333333333333	6
2689145	9366868	call	1.5166666666667	2
2689145	4001394	call	3.25	6
2689145	5514483	contact	0	0
2689145	5514483	call	2.1	3
2689145	5844428	call	4.4	5
2689145	8934970	call	36.61666666666667	58
2689145	6334566	contact	0	0
2689145	6334566	call	4.43	5
2689145	4309601	call	5.0	6
2689145	5968085	call	4.083333333333333	4
2689145	190338	call	5.38	7
2689145	7180559	call	13.68	21
2689145	1242376	contact	0	0
2689145	1242376	call	19.62	42
2689145	1322128	call	2.25	3
2712365	4892313	call	1.92	2
2712365	7238558	call	43.46666666666667	35
2712365	5511303	call	5.73	3
2712365	5511303	call	5.73	3
2725613	6693258	call	2.08	2
2725613	6552399	call	1.7	2
2725613	350333	call	6.15	3
2725613	8727459	call	1.77	3
2725613	2931963	call	6.22	3
2725613	4212836	call	7.22	4
2725613	1324419	call	1.92	4
2725613	736660	call	3.6	5
2725613	5045431	call	11.13	12
2725613	1322128	call	15.57	16
2725613	7161824	call	12.92	22
2725613	4408554	call	23.466666666666665	29
2725613	797702	call	49.98	59
2725613	4408554	call	9.5833333333333	16
2725613	2456929	call	2.67	3
2725613	7161824	call	2.67	5
2725613	350333	call	6.15	3
2725613	736660	call	2.2	3
2725613	1322128	call	15.57	16
2725613	797702	call	53.1	67
2725613	7732925	contact	0	0
2725613	4041791	contact	0	0
2725613	4212836	contact	0	0
2725613	797702	contact	0	0
2725613	1324419	contact	0	0
2725613	1339288	contact	0	0
2725613	4180008	contact	0	0
2725613	1322128	contact	0	0
2725613	7161824	contact	0	0
2725613	6693258	contact	0	0
2725613	4408554	contact	0	0
2725613	5045431	contact	0	0
2747621	2595398	call	1.1833333333333	4
2752767	3665021	call	2.2	5
2752767	7137004	call	5.5666666666667	3
2752767	5351746	call	14.8	17
2752767	3522385	call	1.38	2
2754021	7389748	call	12.25	20
2754021	6932900	call	3.4166666666666665	6
2754021	8215884	contact	0	0
2754021	736660	call	1.15	2
2754021	8213436	call	6.1	3
2754021	6932900	call	3.1166666666666667	5
2754021	7231071	call	4.45	6
2754021	513765	call	12.666666666667	8
2754021	6544694	call	16.333333333333332	12
2754021	7389748	call	7.5833333333333	12
2754021	8213436	call	3.3333333333333	2
2754021	4411857	contact	0	0
2754021	7231071	call	3.73	5
2754021	8279785	call	2.98	2
2763695	6772003	call	204.68	62
2764114	2474291	call	45.96666666666667	15
2764114	9019070	call	11.68	6
2764114	9019070	call	33.8	15
2764114	2474291	call	50.4	21
2774372	7100827	contact	0	0
2774372	7100827	call	4.2	4
2774372	2778782	call	5.6	9
2778782	2249507	call	1.55	3
2778782	1781405	call	3.75	6
2778782	2774372	call	5.6	9
2840159	5869912	call	5.25	12
2840159	4788329	contact	0	0
2840159	6271126	contact	0	0
2840159	6772003	call	2.65	2
2840159	4411857	call	1.77	2
2840159	1720392	call	1.75	2
2840159	1242376	call	5.58	4
2840159	6271126	call	2.63	4
2840159	125727	call	15.97	19
2840159	4788329	call	147.47	91
2840159	4411857	call	1.78	2
2840159	1242376	contact	0	0
2840159	1242376	call	5.58	4
2851089	3350559	call	1.1666666666666667	2
2851089	9082974	call	2.033333333333333	2
2851089	6743070	call	9.75	3
2851089	9082974	call	2.05	2
2851089	6743070	call	2.97	3
2885439	1381599	call	4.23	2
2885439	683051	call	1.73	2
2885439	2394025	call	3.0	4
2885439	683051	contact	0	0
2885439	683051	call	1.7166666666666666	2
2896336	7091725	call	2.1833333333333	4
2896336	6992038	call	7.95	3
2896336	1563570	call	3.25	4
2896336	8942346	call	4.5166666666667	5
2896336	7137004	call	3.9	5
2896336	7091725	call	4.2166666666667	6
2896336	9508617	call	5.2333333333333	6
2896336	5504155	call	13.85	12
2896336	3757805	call	102.28333333333	196
2896336	3757805	call	11.05	20
2896336	8942346	call	4.5166666666667	5
2896336	6330679	call	2.9833333333333334	4
2896336	330880	call	32.33	47
2915157	3167371	call	5.7	13
2915157	4624143	call	4.516666666666667	11
2931963	2725613	call	6.22	3
2931963	5235467	call	17.85	35
2931963	6496482	call	1.1	2
2938358	353529	call	12.03	2
2938358	4978443	call	9.72	2
2960023	4280789	call	19.716666666666665	10
2960023	7750262	call	2.35	2
2960023	6321546	contact	0	0
2960023	7750262	call	3.47	4
2960023	4280789	call	19.7	11
2960023	6321546	call	8.17	24
2965289	650639	call	2.77	4
2976872	3522385	call	1.72	3
2976872	921752	call	3.25	2
2976872	8162221	call	1.55	2
2976872	2489119	call	10.75	12
3039972	4411857	call	13.933333333333334	3
3039972	8076259	call	2.93	3
3039972	5388276	call	4.27	4
3039972	4411857	call	17.27	9
3039972	5388276	call	1.73	2
3048423	5970554	call	3.3833333333333	8
3048423	5198406	call	4.13	5
3060148	9050881	call	2.4166666666667	5
3060148	971478	call	81.6	90
3077940	1778766	call	45.78	36
3077940	1778766	contact	0	0
3077940	3077940	contact	0	0
3077940	1778766	call	28.633333333333333	27
3109282	7735949	call	1.3333333333333	4
3109282	5314365	call	8.95	22
3121381	4280789	call	98.01666666666667	148
3121381	7456897	call	1.38	2
3121381	3121381	contact	0	0
3121381	4280789	contact	0	0
3121381	3756409	contact	0	0
3121381	7456897	call	1.38	2
3121381	3756409	call	4.55	4
3121381	4280789	call	54.5	88
3121381	2324711	call	1.12	3
3167371	4251715	call	2.8833333333333	4
3167371	4251715	contact	0	0
3167371	4251715	call	1.65	2
3167371	760466	call	4.95	3
3167371	583539	call	6.6	7
3167371	2915157	call	5.7	13
3167371	583539	call	11.133333333333333	14
3167371	760466	contact	0	0
3167371	760466	call	4.95	3
3167371	4624143	same_phone	0	0
3199469	4041791	contact	0	0
3199469	4041791	call	17.183333333333334	30
3199469	1717203	call	2.35	4
3199469	3328333	call	2.28	2
3199469	9380113	call	14.07	3
3199469	1717203	call	2.12	4
3199469	1695940	call	5.9	13
3199469	5787700	call	36.6	24
3199469	4041791	call	19.22	32
3199469	6334566	call	43.68	51
3199469	6334566	contact	0	0
3199469	6334566	call	18.48	24
3199469	9380113	call	14.07	3
3242540	9342818	call	14.5	18
3242540	3344025	call	3.8	7
3242540	7321324	call	120.62	127
3242540	9342818	call	6.37	6
3242540	3344025	call	3.75	7
3242540	7321324	call	94.95	107
3263865	6932900	call	4.8833333333333	3
3263865	3813153	call	113.45	104
3263865	4660013	call	1.37	2
3263865	7805279	call	53.5	43
3264806	6161235	call	144.48333333333	199
3264806	205961	call	329.42	148
3264806	7736575	call	14.516666666666667	18
3264806	82877	contact	0	0
3264806	82877	call	1.1	2
3276644	1234741	call	13.13	21
3276644	1234741	call	12.92	21
3312626	5755887	call	3.45	2
3312626	1584760	call	3.33	2
3312626	1584760	call	2.15	2
3312626	5755887	call	7.68	8
3314075	6732455	call	1.7166666666667	2
3314075	5497342	call	1.1833333333333333	2
3314075	6732455	call	1.7333333333333334	2
3328333	5479475	call	2.8	3
3328333	3199469	call	2.28	2
3328333	736660	call	4.3	5
3328333	5479475	call	5.72	7
3328333	6334566	call	9.13	15
3328333	6552399	call	91.57	57
3328333	9397708	call	215.7	258
3328333	2675810	contact	0	0
3328333	736660	call	4.3	5
3328333	6552399	contact	0	0
3344025	7588081	call	3.92	5
3344025	4601369	call	3.63	11
3344025	2138855	call	12.27	4
3344025	1769750	call	36.333333333333	39
3344025	2138855	call	11.27	2
3344025	1769750	call	2.33	2
3344025	1778766	call	1.5333333333333334	3
3344025	4537180	call	2.93	4
3344025	4373288	call	2.18	5
3344025	3242540	call	3.8	7
3344025	7321324	call	6.45	9
3344025	5496235	call	41.87	68
3344025	5496235	call	64.05	89
3344025	3242540	call	3.75	7
3350559	2851089	call	1.1666666666666667	2
3350559	9082974	call	39.4	60
3355800	1768615	call	1.88	2
3355800	1768615	call	1.05	2
3355800	5327338	call	2.48	2
3381611	2249028	call	3.8	3
3383620	5424224	call	13.22	13
3436992	8215884	contact	0	0
3436992	6324225	call	2.3	2
3457823	6808974	call	7.366666666666666	4
3467294	8457717	call	4.13	5
3467294	1491653	call	18.0	4
3467294	8457717	call	15.55	5
3467294	5755887	call	21.43	6
3467294	7089036	call	18.68	16
3475435	9011632	contact	0	0
3475435	6736780	contact	0	0
3475435	6303547	call	5.966666666666667	4
3475435	9011632	call	452.68333333333334	528
3475435	9011632	call	416.78	501
3475435	6303547	contact	0	0
3498961	761429	call	2.73	5
3514105	8775971	contact	0	0
3514105	8775971	call	4.17	2
3514105	5869912	call	1.3166666666667	2
3514105	4292633	call	2.17	4
3514105	5869912	call	1.3166666666667	2
3514105	4292633	contact	0	0
3514105	4292633	call	2.15	4
3517901	4280789	call	31.05	18
3520068	1348884	call	2.6	2
3522385	2752767	call	1.38	2
3522385	2976872	call	1.72	3
3534406	3665021	call	8.63	13
3534406	8212063	call	1.23	2
3534406	1597794	call	2.67	8
3534406	1563570	call	15.68	24
3534406	6992038	call	1.02	3
3536731	9379557	call	13.233333333333	12
3536731	9379557	contact	0	0
3543243	6736780	call	339.83	219
3543243	5464921	call	10.88	19
3559930	8075583	call	1.37	2
3559930	8225806	call	41.55	5
3559930	3805737	call	9.65	11
3568055	1348884	call	3.7	2
3568055	6334566	contact	0	0
3568055	7231071	call	14.22	15
3624948	8804289	call	23.97	23
3624948	8804289	contact	0	0
3624948	2063213	contact	0	0
3624948	8804289	call	4.5	3
3624948	2063213	call	17.8	8
3624948	8114107	call	74.05	29
3626396	8725700	call	7.616666666666666	3
3626396	8942346	call	1.85	4
3626396	9082974	call	8.183333333333334	8
3626396	968925	call	25.133333333333333	36
3626396	8725700	call	5.2833333333333	3
3626396	968925	call	19.58	28
3626396	9082974	call	2.9	5
3627758	1685709	call	11.683333333333	8
3627758	6562694	call	8.0666666666667	15
3665021	5895500	call	2.15	3
3665021	2752767	call	2.2	5
3665021	4235380	call	8.75	6
3665021	3534406	call	8.63	13
3665021	257645	call	702.65	399
3665021	257645	call	601.38	308
3669072	9340305	call	1.5	3
3669072	8852265	call	4.23	2
3674641	6496482	call	3.25	9
3675446	5497342	call	4.0	4
3677097	496454	call	2.15	2
3677097	4660013	call	8.9	2
3677097	3764882	call	50.766666666667	12
3677097	6223030	call	218.45	240
3677097	3764882	call	13.87	2
3709439	6428720	call	5.9	7
3719884	2689145	call	5.066666666666666	6
3719884	4107924	call	12.77	6
3719884	4107924	call	19.983333333333334	8
3734524	6012600	call	23.633333333333333	32
3734524	7167204	call	28.2	40
3734524	3757805	call	131.61666666667	236
3734524	7167204	call	2.1	3
3734524	5591672	call	1.25	4
3734524	110966	call	13.866666666667	21
3734524	3757805	call	124.93333333333	220
3749831	2394025	call	3.6	8
3749831	7485946	call	28.73	19
3756409	6007465	call	454.93333333333334	23
3756409	4602410	call	15.183333333333334	4
3756409	1297887	call	12.7	13
3756409	3121381	contact	0	0
3756409	3121381	call	4.55	4
3756409	415315	call	2.38	2
3757805	2896336	call	102.28333333333	196
3757805	5591672	call	1.3333333333333	2
3757805	7721397	call	1.1166666666667	3
3757805	2896336	call	11.05	20
3757805	110966	call	22.316666666667	28
3757805	3734524	call	131.61666666667	236
3757805	3734524	call	124.93333333333	220
3764882	4660013	call	61.27	71
3764882	3677097	call	50.766666666667	12
3764882	3677097	call	13.87	2
3805288	4602410	call	14.7	7
3805737	4411857	contact	0	0
3805737	1582538	call	1.18	3
3805737	3559930	call	9.65	11
3813153	6932900	call	57.683333333333	68
3813153	6932900	call	18.316666666667	17
3813153	4272664	call	74	70
3813153	3263865	call	113.45	104
3813153	4660013	call	656.56666666667	838
3813153	4660013	call	756.5	821
3813153	4272664	call	208.25	161
3826183	5783894	call	1.57	2
3857531	848046	call	22.983333333333	16
3857531	5869912	call	2.3333333333333	3
3871598	5591672	call	32.5	56
3873790	9178900	call	7.42	2
3873790	5591672	call	2.08	3
3873790	9525707	call	7.12	11
3873790	9525707	call	9.42	16
3873790	5591672	call	3.07	5
3876840	1749829	call	14.33	24
3930984	4517661	call	3.8333333333333	3
3930984	8931916	call	3.45	5
3930984	7744353	call	19.783333333333	17
3956054	7283011	call	1.2166666666666666	2
3956054	7289237	call	19.3	2
3966896	6166898	call	3.55	2
3966896	7137004	call	37.12	54
3966896	7137004	call	13.6	13
3972855	4251715	call	4	6
3979760	6271126	call	39.6	29
4001394	425893	call	13.083333333333	7
4001394	6218714	call	1.8166666666666667	3
4001394	2689145	call	3.25	6
4001394	761429	call	10.116666666666667	10
4001394	425893	call	53.35	30
4001394	5818765	contact	0	0
4001394	761429	call	3.18	2
4013953	8747415	call	2.3666666666667	4
4013953	8747415	contact	0	0
4031490	261783	call	114.83333333333	85
4031490	5029603	contact	0	0
4031490	6324225	call	4.55	2
4031490	5818765	contact	0	0
4041791	7091725	call	3.4833333333333	5
4041791	2456929	call	9.85	11
4041791	2725613	contact	0	0
4041791	8859193	call	3.58	4
4041791	8859193	contact	0	0
4041791	7091725	contact	0	0
4041791	797702	contact	0	0
4041791	9380113	contact	0	0
4041791	34508	contact	0	0
4041791	8934970	contact	0	0
4041791	9508617	contact	0	0
4041791	9366868	contact	0	0
4041791	3199469	contact	0	0
4041791	5787700	contact	0	0
4041791	4892313	contact	0	0
4041791	8528712	contact	0	0
4041791	6324225	call	1.8666666666666667	2
4041791	797702	call	2.3666666666666667	2
4041791	9380113	call	13.23	3
4041791	7091725	call	13.73	4
4041791	34508	call	9.4	5
4041791	6334566	call	2.82	6
4041791	8859193	call	8.95	6
4041791	9508617	call	6.58	7
4041791	3199469	call	17.183333333333334	30
4041791	7161824	call	5.88	10
4041791	3199469	call	19.22	32
4041791	6334566	contact	0	0
4041791	6334566	call	1.12	3
4041791	9508617	call	13.47	19
4069658	5911961	call	3.816666666666667	4
4092537	6466333	call	3.22	3
4092537	6544694	call	8.75	9
4092537	42001	call	7.03	11
4092537	5783894	call	16.92	17
4092537	8528712	call	60.8	51
4092537	8239005	call	38.22	52
4092537	8528712	call	67.1	61
4092537	6544694	call	6.33	7
4102118	7707618	call	2.5666666666667	3
4102118	2461440	contact	0	0
4102118	6026009	contact	0	0
4102118	4102118	contact	0	0
4102118	8852265	contact	0	0
4102118	8852265	contact	0	0
4102118	8852265	call	219.43	136
4102118	6026009	call	162.35	91
4102118	2461440	call	54.6	16
4107924	5969042	call	22.95	7
4107924	2068031	call	25.27	3
4107924	7133023	call	2.72	3
4107924	1233330	call	2.25	3
4107924	8457717	call	16.57	4
4107924	3719884	call	12.77	6
4107924	2068031	call	8.88	6
4107924	5969042	call	34.92	11
4107924	3719884	call	19.983333333333334	8
4149779	4452682	call	1.43	2
4149779	125727	call	158.38	230
4149779	4452682	call	1.4333333333333333	2
4153614	4788329	call	49.05	30
4153614	6437723	call	63.733333333333	43
4180008	7397355	call	2304.35	1773
4180008	2725613	contact	0	0
4180008	1519264	call	1.5	3
4180008	1348884	call	1.1833333333333	3
4180008	736660	call	7.17	13
4180008	1686473	call	2.65	3
4180008	1519264	call	1.52	3
4180008	736660	call	12.75	26
4180008	7397355	call	392.62	303
4212836	2725613	contact	0	0
4212836	2725613	call	7.22	4
4212836	2191649	call	1.2	2
4212836	1322128	call	2.93	3
4212836	1324419	call	55.17	59
4212836	797702	call	3.53	9
4225658	6428672	call	16.8	2
4225658	6428672	call	16.816666666667	2
4235380	8053568	call	6.866666666666666	7
4235380	3665021	call	8.75	6
4235380	1313800	call	1.95	3
4235380	8053568	call	81.08333333333333	84
4251715	3167371	call	2.8833333333333	4
4251715	3972855	call	4	6
4251715	158204	call	21.5	29
4251715	8215884	contact	0	0
4251715	8215884	call	11.03	5
4251715	6012600	call	1.7	3
4251715	3167371	contact	0	0
4251715	3167371	call	1.65	2
4251715	4624143	call	5.083333333333333	5
4251715	158204	call	7.38	8
4251715	415315	call	6.23	2
4261603	1248674	call	3.6	7
4261603	1248674	call	3.566666666666667	7
4272664	3813153	call	74	70
4272664	4660013	call	126.33	115
4272664	7084943	call	1.53	2
4272664	4660013	call	20.03	24
4272664	3813153	call	208.25	161
4279220	5420850	call	28.783333333333	30
4279220	6100620	call	39.183333333333	49
4279220	5420850	call	102.73333333333333	241
4279220	6100620	call	12.75	20
4280789	8487962	call	2.9333333333333	4
4280789	1132388	call	3.5	7
4280789	2960023	call	19.716666666666665	10
4280789	3517901	call	31.05	18
4280789	3121381	call	98.01666666666667	148
4280789	2960023	call	19.7	11
4280789	1132388	call	3.48	7
4280789	3121381	contact	0	0
4280789	3121381	call	54.5	88
4292633	3514105	call	2.17	4
4292633	3514105	contact	0	0
4292633	3514105	call	2.15	4
4292633	1520726	call	94.52	143
4309601	711556	call	1.8333333333333333	2
4309601	7091725	call	1.37	3
4309601	2689145	call	5.0	6
4309601	5471776	call	110.53333333333333	11
4309601	7397355	call	98.23333333333333	149
4309601	7161824	call	188.58333333333334	266
4309601	6552399	call	521.6833333333333	591
4309601	6552399	contact	0	0
4309601	5471776	call	73.98	39
4320924	5756524	call	20.42	49
4320924	8734185	call	15.033333333333	17
4337961	4771437	call	3.72	5
4337961	5911961	call	35.38	23
4337961	4771437	call	3.72	5
4373288	3344025	call	2.18	5
4373288	4978443	call	10.82	3
4373288	6670209	call	1.23	2
4373288	4978443	call	10.8	3
4373288	2249507	call	2.3	3
4373288	4537180	call	4.17	10
4373288	711556	call	4.47	12
4407579	8934970	call	966.6833333333333	1143
4407579	7180559	call	674.03	931
4407579	1065676	call	54.33	84
4407579	8934970	call	849.38	1141
4407579	1065676	contact	0	0
4408554	6552399	call	3.2	6
4408554	2725613	call	9.5833333333333	16
4408554	2689145	call	208.91666666667	257
4408554	2725613	contact	0	0
4408554	2725613	call	23.466666666666665	29
4408554	2689145	call	16.216666666666665	19
4411857	2840159	call	1.77	2
4411857	7273492	contact	0	0
4411857	1304244	contact	0	0
4411857	1582538	contact	0	0
4411857	3805737	contact	0	0
4411857	2754021	contact	0	0
4411857	330880	contact	0	0
4411857	2840159	call	1.78	2
4411857	3039972	call	13.933333333333334	3
4411857	1304244	call	3.5	5
4411857	8225806	call	46.5	15
4411857	1685709	call	25.333333333333332	43
4411857	7273492	call	141.56666666666666	127
4411857	1582538	call	197.0	137
4411857	1582538	call	250.3	173
4411857	7273492	call	167.02	116
4411857	3039972	call	17.27	9
4413388	1563570	call	9.07	9
4440335	7089036	call	1.2666666666666666	2
4442470	6026009	call	56.83	39
4442470	6026009	call	50.28	34
4442470	2583457	call	1.65	2
4452682	5800715	call	1.6166666666667	3
4452682	6408066	call	4.2333333333333	4
4452682	4149779	call	1.43	2
4452682	4149779	call	1.4333333333333333	2
4460389	7821641	call	41.866666666667	4
4485928	7152854	call	3.0333333333333	3
4485928	7425113	call	1.43	2
4507856	7758314	call	8.633333333333333	2
4507856	7721397	call	15.62	14
4517661	3930984	call	3.8333333333333	3
4517661	6933673	call	1.43	2
4528339	1295822	call	1.38	2
4534914	848046	call	7.7333333333333	6
4537180	7588081	call	19.93	26
4537180	1352842	call	1.25	2
4537180	2138855	contact	0	0
4537180	2138855	call	56.35	39
4537180	3344025	call	2.93	4
4537180	2488275	contact	0	0
4537180	2488275	call	1.93	3
4537180	4373288	call	4.17	10
4537180	7321324	call	4.88	2
4570434	6303547	call	9.85	16
4570434	6303547	contact	0	0
4570434	6303547	call	10.08	19
4573005	415315	call	27.85	4
4573005	415315	call	27.87	4
4601369	3344025	call	3.63	11
4601369	1197655	call	53.75	24
4601369	5496235	call	16.08	29
4601369	2138855	call	46.63	41
4601369	7321324	call	40.25	86
4601369	2138855	contact	0	0
4601369	2138855	call	197.08	109
4601369	5496235	call	8.45	19
4601369	7321324	call	41.12	87
4602410	3756409	call	15.183333333333334	4
4602410	3805288	call	14.7	7
4620296	7283011	call	7.266666666666667	9
4620296	2488275	contact	0	0
4620296	4735493	call	1033.62	655
4620296	1083577	call	2.716666666666667	2
4620296	8738707	call	3.45	4
4620296	1720392	call	4.633333333333334	5
4620296	7283011	call	7.033333333333333	5
4620296	8925863	call	115.68333333333334	118
4620296	4735493	call	1033.3166666666666	650
4620296	5606458	call	3.47	4
4624143	583539	call	3.6	4
4624143	4251715	call	5.083333333333333	5
4624143	2915157	call	4.516666666666667	11
4624143	3167371	same_phone	0	0
4660013	3813153	call	656.56666666667	838
4660013	3263865	call	1.37	2
4660013	5316108	call	2.13	6
4660013	6431665	call	15.03	17
4660013	3764882	call	61.27	71
4660013	4272664	call	126.33	115
4660013	3813153	call	756.5	821
4660013	3677097	call	8.9	2
4660013	4272664	call	20.03	24
4688307	8707940	call	14.366666666667	16
4688307	2382058	call	2.7	3
4688307	8560744	contact	0	0
4688307	8560744	call	33.4	39
4688307	788391	contact	0	0
4688307	788391	call	22.22	44
4688307	6330679	call	5.433333333333334	12
4688307	330880	call	112.95	158
4688307	2382058	call	3.57	3
4688307	6330679	call	2.85	7
4688307	788391	call	29.82	36
4688307	8560744	call	33.15	39
4688307	330880	call	59.8	77
4700999	1720392	call	1.13	3
4735493	8925863	call	64.65	14
4735493	659298	call	3.23	2
4735493	8925863	call	4.73	5
4735493	711556	call	22.15	16
4735493	4620296	call	1033.62	655
4735493	4620296	call	1033.3166666666666	650
4771437	4337961	call	3.72	5
4771437	4337961	call	3.72	5
4779605	7397355	call	2.13	2
4779605	4793856	call	7.8	15
4779605	261783	call	9.5166666666667	12
4779605	5029603	contact	0	0
4779605	5029603	call	55.75	78
4779605	6324225	call	1.05	2
4779605	8473116	call	2.93	3
4779605	5029603	call	4.2	5
4779605	5029603	call	44.95	56
4779605	7231071	call	138.82	158
4779605	7231071	call	138.65	157
4779605	8473116	call	2.93	3
4783720	6271771	call	10.716666666667	5
4783720	6271771	call	19.8	8
4788329	5776323	call	4.1166666666667	6
4788329	4153614	call	49.05	30
4788329	5776323	call	4.1166666666667	6
4788329	2840159	contact	0	0
4788329	2840159	call	147.47	91
4788329	536468	call	5.37	4
4793856	6496482	call	67.45	12
4793856	4779605	call	7.8	15
4793856	7999398	call	109.28333333333	35
4793856	416771	call	266.23333333333	259
4793856	1322128	call	3.63	4
4846937	655797	call	1.3833333333333333	5
4883947	6455346	call	18.116666666667	10
4883947	6933145	call	6.23	3
4892313	4041791	contact	0	0
4892313	2675810	contact	0	0
4892313	6271771	call	5.63	5
4892313	2712365	call	1.92	2
4956066	1720392	call	15.25	8
4968312	6932900	call	13.216666666666667	4
4968312	1781	call	1.73	3
4968312	6932900	call	14.58	6
4968312	1322128	call	19.55	11
4968312	1695940	call	3.22	6
4968312	1322128	call	13.05	6
4978443	2938358	call	9.72	2
4978443	4373288	call	10.82	3
4978443	4373288	call	10.8	3
5010375	7397355	call	7.13	5
5010375	2593682	call	32.7	3
5010375	7397355	call	5.5833333333333	4
5010375	9389751	call	1106.1833333333	851
5010375	9389751	call	1079.3666666667	762
5029603	261783	call	2.0833333333333	3
5029603	444148	contact	0	0
5029603	4031490	contact	0	0
5029603	7231071	contact	0	0
5029603	4779605	contact	0	0
5029603	261783	contact	0	0
5029603	5029603	contact	0	0
5029603	6324225	contact	0	0
5029603	9050881	call	6.933333333333334	2
5029603	6324225	call	3.2666666666666666	4
5029603	444148	call	2.95	5
5029603	7231071	call	68.65	77
5029603	4779605	call	55.75	78
5029603	6324225	call	8.05	10
5029603	4779605	call	4.2	5
5029603	4779605	call	44.95	56
5029603	7231071	call	19.78	19
5029603	7231071	call	86.03	72
5029603	444148	call	1.27	2
5045431	2456929	call	60.73	91
5045431	1067659	call	10.02	6
5045431	2725613	contact	0	0
5045431	2725613	call	11.13	12
5045431	8984817	contact	0	0
5045431	8984817	call	4.37	4
5045431	1695940	call	41.03	60
5055553	6808974	call	1.6333333333333	2
5083524	6520688	call	10.683333333333	23
5083524	2171060	call	3.7166666666667	8
5106568	6743070	call	1.03	2
5198406	3048423	call	4.13	5
5229086	1313800	call	1.0833333333333	5
5235467	2931963	call	17.85	35
5262795	5290122	call	1.95	3
5262795	5630741	call	2.43	6
5290122	7321324	call	1.2333333333333	3
5290122	5262795	call	1.95	3
5301453	9469456	call	1.88	2
5301453	513765	call	2.98	4
5301453	6166898	call	23.37	24
5301453	416771	call	35.1	41
5301453	7753566	call	164.05	47
5314365	3109282	call	8.95	22
5314365	1234741	call	35.38	19
5316108	4660013	call	2.13	6
5327338	7091725	call	8.2833333333333	9
5327338	3355800	call	2.48	2
5331403	5424224	call	14.233333333333333	3
5331403	8734185	call	304.4166666666667	349
5331403	5424224	call	15.15	4
5331403	8734185	call	274.2	306
5335369	7425113	call	8.0	8
5335369	7425113	call	7.15	7
5351746	9518355	call	3.3333333333333	5
5351746	9489750	call	3.3	5
5351746	2752767	call	14.8	17
5351746	9079488	call	4.55	3
5351746	9489750	contact	0	0
5388276	3039972	call	4.27	4
5388276	3039972	call	1.73	2
5398199	1897977	call	9.6166666666667	8
5398199	9366868	call	30.55	19
5398199	1695940	call	45.92	56
5398199	5504155	call	3.066666666666667	2
5398199	797702	call	35.983333333333334	43
5398199	1695940	call	43.166666666666664	51
5398199	797702	call	37.45	45
5420850	4279220	call	28.783333333333	30
5420850	1416479	call	11.166666666666666	7
5420850	4279220	call	102.73333333333333	241
5424224	5331403	call	14.233333333333333	3
5424224	5331403	call	15.15	4
5424224	3383620	call	13.22	13
5464921	6736780	call	1.75	3
5464921	7127379	call	14.07	15
5464921	3543243	call	10.88	19
5471776	4309601	call	110.53333333333333	11
5471776	2456929	call	1.23	3
5471776	7161824	call	7.95	8
5471776	4309601	call	73.98	39
5471776	137342	call	25.48	52
5473989	2488275	call	4.08	4
5473989	2488275	call	4.1	4
5473989	659298	call	4.883333333333334	4
5473989	2249507	call	14.566666666666666	23
5473989	6670209	call	37.333333333333336	54
5479475	7389748	call	7.0833333333333	14
5479475	8156543	contact	0	0
5479475	9380113	contact	0	0
5479475	1564293	contact	0	0
5479475	7389748	contact	0	0
5479475	7634593	contact	0	0
5479475	3328333	call	2.8	3
5479475	1564293	call	13.17	9
5479475	8156543	call	35.38	62
5479475	7634593	call	977.32	1269
5479475	8156543	call	27.833333333333332	46
5479475	3328333	call	5.72	7
5479475	7634593	call	660.38	878
5479475	9380113	call	8.67	5
5484458	9379155	call	3.28	4
5485513	8943684	call	1.5333333333333	3
5485513	1133940	call	40.516666666667	25
5485513	433487	call	2.8666666666667	3
5496235	4601369	call	16.08	29
5496235	3344025	call	41.87	68
5496235	4601369	call	8.45	19
5496235	3344025	call	64.05	89
5497342	3675446	call	4.0	4
5497342	3314075	call	1.1833333333333333	2
5497342	5511303	call	1.1	3
5497342	5511303	call	1.1	3
5497342	1584760	call	1.1	2
5497342	5755887	call	511.43	587
5497342	415315	call	98.4	153
5498757	482860	call	14.266666666667	16
5498757	7321324	call	1.73	4
5504155	2896336	call	13.85	12
5504155	9469456	call	6.033333333333333	7
5504155	5398199	call	3.066666666666667	2
5511303	2712365	call	5.73	3
5511303	5497342	call	1.1	3
5511303	6428720	call	1.72	4
5511303	5755887	call	4.07	8
5511303	2468196	call	39.63	16
5511303	415315	call	25.87	19
5511303	2712365	call	5.73	3
5511303	5497342	call	1.1	3
5511303	6428720	call	1.72	4
5511303	5755887	call	4.07	8
5511303	2468196	call	39.63	16
5511303	415315	call	25.87	19
5511303	5755887	call	5.07	9
5511303	415315	call	31.8	23
5514483	5514483	contact	0	0
5514483	2689145	contact	0	0
5514483	9380113	contact	0	0
5514483	2689145	call	2.1	3
5514483	1564293	call	5.13	4
5514483	9380113	call	3.82	5
5514483	9380113	call	3.82	5
5517881	8215884	contact	0	0
5517881	7167204	call	1.05	2
5517881	8528712	call	53.85	77
5549207	964400	call	5.75	8
5549207	964400	contact	0	0
5549207	964400	call	2.08	3
5549207	6925892	call	1.88	4
5549207	6925892	call	1.88	4
5563465	1658892	call	3.55	5
5565902	8698288	call	9.05	9
5565902	6161235	call	22.55	16
5565902	8698288	call	9.1666666666667	9
5565902	6161235	call	15.616666666667	10
5585172	6597613	call	13.183333333333	7
5591672	3757805	call	1.3333333333333	2
5591672	3734524	call	1.25	4
5591672	3873790	call	2.08	3
5591672	8931916	call	7.33	19
5591672	158204	call	4.4	9
5591672	8037108	call	3.48	4
5591672	8931916	call	1.45	2
5591672	8037108	call	3.52	4
5591672	3873790	call	3.07	5
5591672	158204	call	4.4	9
5591672	9050881	call	12.62	22
5591672	3871598	call	32.5	56
5606458	8738707	contact	0	0
5606458	4620296	call	3.47	4
5606458	8738707	same_phone	0	0
5630741	5262795	call	2.43	6
5661429	1712186	call	1.1666666666666667	3
5661429	6428672	call	4.4333333333333	2
5664128	7091725	call	2.0166666666667	6
5664128	7397355	call	1.63	2
5679667	5032	call	19.25	17
5679667	8385637	call	49.55	45
5719300	533846	contact	0	0
5719300	533846	call	282.32	204
5750481	1781	call	2.75	3
5755887	3312626	call	3.45	2
5755887	5511303	call	4.07	8
5755887	5511303	call	4.07	8
5755887	1584760	call	66.26666666666667	79
5755887	1030901	call	9.35	3
5755887	3312626	call	7.68	8
5755887	7238558	call	7.43	8
5755887	5511303	call	5.07	9
5755887	1584760	call	80.4	102
5755887	415315	call	159.07	176
5755887	5497342	call	511.43	587
5755887	415315	call	160.27	177
5755887	3467294	call	21.43	6
5756524	2490410	contact	0	0
5756524	8615925	call	5.75	9
5756524	2490410	call	13.37	22
5756524	4320924	call	20.42	49
5758070	1160687	call	6.566666666666666	5
5758070	1160687	call	6.55	5
5770677	513538	call	69.1	104
5770677	8239005	call	33.583333333333336	50
5770677	513538	call	52.61666666666667	67
5776323	4788329	call	4.1166666666667	6
5776323	46406	call	1.9	3
5776323	4788329	call	4.1166666666667	6
5776323	46406	call	1.9	3
5783894	6466333	call	9.28	18
5783894	2675810	contact	0	0
5783894	4092537	call	16.92	17
5783894	6290168	call	2.1	3
5783894	8528712	call	4.4	5
5783894	2008781	call	16.42	4
5783894	6552399	contact	0	0
5783894	3826183	call	1.57	2
5787700	4041791	contact	0	0
5787700	3199469	call	36.6	24
5787700	6334566	contact	0	0
5787700	9261944	contact	0	0
5787700	9261944	call	2.02	3
5800715	4452682	call	1.6166666666667	3
5818765	261783	call	22.75	31
5818765	760466	contact	0	0
5818765	261783	contact	0	0
5818765	4001394	contact	0	0
5818765	4031490	contact	0	0
5818765	7397355	contact	0	0
5818765	7939539	contact	0	0
5818765	760466	call	138.18	67
5837585	8995438	call	1.55	2
5844428	2689145	call	4.4	5
5869912	3514105	call	1.3166666666667	2
5869912	3514105	call	1.3166666666667	2
5869912	3857531	call	2.3333333333333	3
5869912	2840159	call	5.25	12
5869912	1295822	call	104.45	143
5895500	3665021	call	2.15	3
5895500	8385637	call	22.65	13
5907415	6520688	call	11.12	2
5911961	7287654	contact	0	0
5911961	7287654	call	1.57	2
5911961	4337961	call	35.38	23
5911961	4069658	call	3.816666666666667	4
5911961	412920	call	57.38333333333333	31
5911961	2461440	call	2.47	3
5968085	2689145	call	4.083333333333333	4
5969042	4107924	call	22.95	7
5969042	534981	call	12.43	6
5969042	4107924	call	34.92	11
5970554	536468	call	6.85	2
5970554	8317995	call	1.9166666666667	3
5970554	3048423	call	3.3833333333333	8
5971797	2689145	call	2.32	6
5971797	8010719	call	9.75	10
5971797	8010719	call	8.466666666666667	15
6007465	1398540	call	4.333333333333333	4
6007465	3756409	call	454.93333333333334	23
6012600	4251715	call	1.7	3
6012600	3734524	call	23.633333333333333	32
6026009	4102118	contact	0	0
6026009	4442470	call	56.83	39
6026009	4442470	call	50.28	34
6026009	4102118	call	162.35	91
6100620	4279220	call	39.183333333333	49
6100620	1005467	call	12.57	8
6100620	8465652	call	1.27	2
6100620	1005467	call	8.0	5
6100620	4279220	call	12.75	20
6160470	2063213	call	2.5	2
6160470	2653345	call	4.53	10
6160470	2063213	call	6.13	6
6161235	6817924	call	1.4	3
6161235	9019070	call	6.3833333333333	4
6161235	8995438	call	3.8166666666667	4
6161235	5565902	call	22.55	16
6161235	7736575	call	17.333333333333	21
6161235	3264806	call	144.48333333333	199
6161235	5565902	call	15.616666666667	10
6161235	7736575	call	5.416666666666667	4
6166898	8859193	call	3.9	5
6166898	3966896	call	3.55	2
6166898	1749829	call	4.65	7
6166898	5301453	call	23.37	24
6175833	9380113	call	2.816666666666667	3
6218714	4001394	call	1.8166666666666667	3
6223030	3677097	call	218.45	240
6231899	1633168	call	2.8	4
6242765	1563570	call	2.22	3
6265424	8852265	contact	0	0
6265424	8852265	call	5.0	7
6271126	3979760	call	39.6	29
6271126	2639019	call	1.7666666666667	2
6271126	2840159	contact	0	0
6271126	2840159	call	2.63	4
6271771	4783720	call	10.716666666667	5
6271771	4892313	call	5.63	5
6271771	4783720	call	19.8	8
6290168	6466333	call	1.23	2
6290168	2063213	call	2.2	3
6290168	5783894	call	2.1	3
6290168	6466333	call	6.82	8
6290168	8889539	call	4.93	14
6290168	8975793	call	30.25	48
6290168	2063213	call	2.18	3
6290168	8889539	call	4.63	13
6303547	6736780	call	2.62	5
6303547	4570434	call	9.85	16
6303547	3475435	call	5.966666666666667	4
6303547	9011632	call	17.25	34
6303547	4570434	contact	0	0
6303547	6736780	contact	0	0
6303547	9011632	contact	0	0
6303547	923334	contact	0	0
6303547	3475435	contact	0	0
6303547	6736780	call	1.13	2
6303547	9011632	call	8.52	11
6303547	4570434	call	10.08	19
6310882	861624	call	36.166666666667	102
6310882	861624	contact	0	0
6321546	2960023	contact	0	0
6321546	2960023	call	8.17	24
6324225	6932900	call	16.033333333333335	17
6324225	5029603	contact	0	0
6324225	5029603	call	3.2666666666666666	4
6324225	4041791	call	1.8666666666666667	2
6324225	6932900	call	3.1666666666667	2
6324225	4779605	call	1.05	2
6324225	4031490	call	4.55	2
6324225	3436992	call	2.3	2
6324225	5029603	call	8.05	10
6330679	788391	contact	0	0
6330679	788391	call	12.35	11
6330679	279234	call	1.5833333333333333	2
6330679	2896336	call	2.9833333333333334	4
6330679	4688307	call	5.433333333333334	12
6330679	330880	call	29.35	50
6330679	788391	call	79.66666666666667	108
6330679	330880	call	29.65	50
6330679	4688307	call	2.85	7
6334566	4041791	call	2.82	6
6334566	3328333	call	9.13	15
6334566	3199469	call	43.68	51
6334566	3199469	contact	0	0
6334566	1695940	contact	0	0
6334566	2675810	contact	0	0
6334566	261783	contact	0	0
6334566	9366868	contact	0	0
6334566	2689145	contact	0	0
6334566	4041791	contact	0	0
6334566	5787700	contact	0	0
6334566	6334566	contact	0	0
6334566	3568055	contact	0	0
6334566	416771	contact	0	0
6334566	1440076	contact	0	0
6334566	8473116	contact	0	0
6334566	797702	contact	0	0
6334566	797702	call	1.28	3
6334566	4041791	call	1.12	3
6334566	2689145	call	4.43	5
6334566	416771	call	10.72	21
6334566	3199469	call	18.48	24
6334566	1440076	call	22.47	28
6334566	8473116	call	21.95	30
6334566	1695940	call	5.45	8
6334566	8473116	call	14.5	21
6334566	797702	call	1.28	3
6340496	7321324	call	29.55	53
6402665	940610	contact	0	0
6402665	940610	call	18.366666666666667	21
6402665	9150958	contact	0	0
6402665	9150958	call	5.97	9
6402665	6736780	call	10.38	7
6408066	4452682	call	4.2333333333333	4
6428672	4225658	call	16.8	2
6428672	5661429	call	4.4333333333333	2
6428672	1414573	call	8.5333333333333	2
6428672	4225658	call	16.816666666667	2
6428672	190338	call	7.3	3
6428720	3709439	call	5.9	7
6428720	5511303	call	1.72	4
6428720	5511303	call	1.72	4
6431665	4660013	call	15.03	17
6436524	7389748	call	2.6833333333333	2
6436524	1339288	call	1.13	2
6437723	4153614	call	63.733333333333	43
6438213	2653345	call	18.3	9
6438213	2653345	call	10.32	4
6455346	4883947	call	18.116666666667	10
6463030	1781	call	7.85	6
6466333	1132388	call	1.33	2
6466333	6290168	call	1.23	2
6466333	6544694	call	1.07	2
6466333	4092537	call	3.22	3
6466333	8975793	call	1.9	3
6466333	1884458	call	6.08	5
6466333	8317544	call	3.82	5
6466333	2063213	call	2.92	6
6466333	8889539	call	8.07	9
6466333	8528712	call	9.83	10
6466333	5783894	call	9.28	18
6466333	42001	call	12.0	26
6466333	7636922	call	44.4	42
6466333	1884458	call	8.383333333333333	6
6466333	6290168	call	6.82	8
6466333	8528712	call	6.25	5
6466333	6544694	call	3.82	6
6466333	8889539	call	4.62	6
6482854	6736780	call	26.08	24
6482854	8385637	call	2.88	3
6496482	4793856	call	67.45	12
6496482	8859193	call	2.87	3
6496482	1348884	call	2.1666666666667	3
6496482	8859193	call	2.466666666666667	2
6496482	2931963	call	1.1	2
6496482	3674641	call	3.25	9
6496482	416771	call	26.55	25
6520688	5907415	call	11.12	2
6520688	5083524	call	10.683333333333	23
6544694	6466333	call	1.07	2
6544694	2754021	call	16.333333333333332	12
6544694	1297887	call	1.2666666666666666	2
6544694	4092537	call	8.75	9
6544694	7456897	contact	0	0
6544694	8528712	call	15.13	10
6544694	8528712	call	8.38	6
6544694	6466333	call	3.82	6
6544694	4092537	call	6.33	7
6544694	42001	call	23.22	34
6552399	4408554	call	3.2	6
6552399	2725613	call	1.7	2
6552399	7161824	call	290.32	298
6552399	3328333	call	91.57	57
6552399	2264986	call	2.77	2
6552399	4309601	call	521.6833333333333	591
6552399	4309601	contact	0	0
6552399	1324419	contact	0	0
6552399	3328333	contact	0	0
6552399	7161824	contact	0	0
6552399	7721397	contact	0	0
6552399	2264986	contact	0	0
6552399	416771	contact	0	0
6552399	5783894	contact	0	0
6552399	9223047	call	34.983333333333334	28
6552399	1322128	call	6.65	9
6552399	1324419	call	36.98	45
6562694	3627758	call	8.0666666666667	15
6597613	5585172	call	13.183333333333	7
6597613	570029	call	1.6333333333333	6
6667294	1884458	call	2.9	4
6670209	2488275	call	2.05	2
6670209	2249507	call	10.716666666666667	22
6670209	6698967	call	680.6666666666666	587
6670209	6698967	call	702.4166666666666	603
6670209	2488275	contact	0	0
6670209	4373288	call	1.23	2
6670209	5473989	call	37.333333333333336	54
6693258	2725613	contact	0	0
6693258	2725613	call	2.08	2
6693258	2689145	call	3.4166666666666665	4
6693258	9366868	call	8.9166666666667	3
6693258	425893	call	25.416666666667	28
6698967	6670209	call	680.6666666666666	587
6698967	6670209	call	702.4166666666666	603
6732455	3314075	call	1.7166666666667	2
6732455	3314075	call	1.7333333333333334	2
6736780	923334	call	28.433333333333	53
6736780	29560	call	12.07	2
6736780	9011632	call	3.5	5
6736780	6303547	call	2.62	5
6736780	6402665	call	10.38	7
6736780	6482854	call	26.08	24
6736780	923334	call	18.67	41
6736780	3543243	call	339.83	219
6736780	3475435	contact	0	0
6736780	9011632	call	3.55	5
6736780	29560	contact	0	0
6736780	29560	call	12.97	3
6736780	5464921	call	1.75	3
6736780	6303547	contact	0	0
6736780	6303547	call	1.13	2
6743070	2851089	call	9.75	3
6743070	5106568	call	1.03	2
6743070	2851089	call	2.97	3
6772003	2840159	call	2.65	2
6772003	2763695	call	204.68	62
6808974	1712186	call	2.7666666666667	3
6808974	5055553	call	1.6333333333333	2
6808974	3457823	call	7.366666666666666	4
6817924	6161235	call	1.4	3
6817924	7736575	call	1.45	3
6817924	389591	call	242.38	68
6817924	389591	call	101.27	22
6844305	8317995	call	2.13	3
6844305	8317995	call	9.65	10
6849722	536468	call	3.85	3
6849722	536468	call	3.85	3
6849722	1658892	call	1.8666666666666667	3
6887979	1685709	call	5.63	11
6887979	2171060	call	13.1	27
6905781	2488275	contact	0	0
6905781	2488275	call	11.72	5
6912461	2679822	contact	0	0
6912461	2679822	call	36.6	30
6912461	137342	call	16.416666666666668	27
6912461	8713990	call	32.166666666666664	42
6912461	2679822	call	83.46666666666667	75
6912461	1495222	call	57.666666666666664	71
6912461	1248674	call	12.82	26
6912461	797702	call	1.33	5
6921376	2138855	call	5.083333333333333	3
6925892	5549207	call	1.88	4
6925892	7321324	call	45.17	63
6925892	659298	call	1.42	2
6925892	5549207	call	1.88	4
6925892	7321324	call	48.43	69
6932900	3263865	call	4.8833333333333	3
6932900	4968312	call	13.216666666666667	4
6932900	8215884	call	4.266666666666667	4
6932900	2754021	call	3.4166666666666665	6
6932900	137342	call	4.35	6
6932900	6324225	call	16.033333333333335	17
6932900	1324419	call	48	51
6932900	3813153	call	57.683333333333	68
6932900	2229507	call	89.116666666667	117
6932900	1348884	call	136.21666666666667	132
6932900	2229507	call	15.066666666666666	10
6932900	3813153	call	18.316666666667	17
6932900	2754021	call	3.1166666666666667	5
6932900	6324225	call	3.1666666666667	2
6932900	1348884	call	11.1	16
6932900	2675810	contact	0	0
6932900	4968312	call	14.58	6
6932900	1324419	call	33.53	30
6933145	353529	call	6.25	4
6933145	4883947	call	6.23	3
6933673	4517661	call	1.43	2
6976378	7397355	call	4.37	6
6976378	7397355	call	3.2833333333333	6
6976378	1768615	call	18.35	26
6976378	1768615	call	14.733333333333	21
6976378	8675069	call	8.58	14
6992038	2896336	call	7.95	3
6992038	1769750	call	1.5	3
6992038	1563570	call	2401.03	916
6992038	3534406	call	1.02	3
6992038	1563570	call	2420.07	930
6995548	8942346	call	16.766666666667	26
7025103	1348884	call	1.05	2
7025103	2528569	call	7.38	13
7084943	7939400	call	1.0666666666667	2
7084943	4272664	call	1.53	2
7089036	4440335	call	1.2666666666666666	2
7089036	3467294	call	18.68	16
7091725	2896336	call	2.1833333333333	4
7091725	4041791	call	3.4833333333333	5
7091725	5664128	call	2.0166666666667	6
7091725	9508617	call	5.8833333333333	8
7091725	5327338	call	8.2833333333333	9
7091725	1348884	call	135.11666666667	12
7091725	2365966	call	663.85	303
7091725	2896336	call	4.2166666666667	6
7091725	4041791	contact	0	0
7091725	4041791	call	13.73	4
7091725	1348884	call	135.11666666667	12
7091725	4309601	call	1.37	3
7091725	736660	call	2.12	2
7091725	7231071	call	1.47	3
7094414	2489119	call	7.1666666666667	4
7094414	1597794	call	2.25	3
7100827	2774372	contact	0	0
7100827	7210484	contact	0	0
7100827	7350514	contact	0	0
7100827	2774372	call	4.2	4
7100827	7350514	call	7.5	6
7100827	7210484	call	7.07	12
7100827	7210484	contact	0	0
7100827	7210484	call	9.716666666666667	16
7127379	5464921	call	14.07	15
7133023	4107924	call	2.72	3
7137004	2896336	call	3.9	5
7137004	3966896	call	37.12	54
7137004	2752767	call	5.5666666666667	3
7137004	34508	call	5.2333333333333	3
7137004	3966896	call	13.6	13
7137004	1769750	call	33.966666666667	43
7137004	425893	call	2.7166666666667	5
7139017	1352842	call	4.57	8
7152854	4485928	call	3.0333333333333	3
7160104	205961	call	2.4	2
7161824	2725613	contact	0	0
7161824	2725613	call	12.92	22
7161824	2689145	call	4.75	9
7161824	9380113	call	3.63	2
7161824	416771	call	1.73	2
7161824	2725613	call	2.67	5
7161824	4041791	call	5.88	10
7161824	2689145	call	6.67	13
7161824	6552399	call	290.32	298
7161824	9366868	call	20.85	9
7161824	4309601	call	188.58333333333334	266
7161824	6552399	contact	0	0
7161824	5471776	call	7.95	8
7161824	9261944	call	2.42	4
7166956	1633168	call	1.13	2
7167204	9050881	call	181.55	225
7167204	2456929	call	16.13	14
7167204	5517881	call	1.05	2
7167204	8327874	call	1.0333333333333	3
7167204	3734524	call	28.2	40
7167204	9050881	call	171.66666666667	215
7167204	3734524	call	2.1	3
7180559	2689145	call	13.68	21
7180559	4407579	call	674.03	931
7180559	8934970	same_phone	0	0
7210484	7100827	contact	0	0
7210484	7100827	call	7.07	12
7210484	7100827	contact	0	0
7210484	761429	contact	0	0
7210484	1633168	contact	0	0
7210484	761429	call	2.2	2
7210484	1633168	call	5.1	8
7210484	7100827	call	9.716666666666667	16
7210484	1633168	call	2.82	4
7214221	1304244	call	38.25	27
7231071	9050881	call	134.63333333333	82
7231071	8859193	call	23.05	34
7231071	5029603	contact	0	0
7231071	5029603	call	68.65	77
7231071	2754021	call	4.45	6
7231071	2675810	contact	0	0
7231071	4779605	call	138.82	158
7231071	7091725	call	1.47	3
7231071	2754021	call	3.73	5
7231071	9050881	call	7.07	8
7231071	3568055	call	14.22	15
7231071	5029603	call	19.78	19
7231071	8859193	call	18.65	29
7231071	5029603	call	86.03	72
7231071	8473116	call	81.45	141
7231071	4779605	call	138.65	157
7231071	8473116	call	71.0	130
7238558	2712365	call	43.46666666666667	35
7238558	1584760	call	12.083333333333334	13
7238558	5755887	call	7.43	8
7238558	415315	call	11.2	20
7273492	4411857	contact	0	0
7273492	4411857	call	141.56666666666666	127
7273492	4411857	call	167.02	116
7273492	1685709	call	109.25	156
7283011	8925863	call	49.31666666666667	29
7283011	3956054	call	1.2166666666666666	2
7283011	4620296	call	7.266666666666667	9
7283011	2488275	call	21.133333333333333	12
7283011	8925863	call	60.266666666666666	36
7283011	2488275	contact	0	0
7283011	2488275	call	18.18	5
7283011	4620296	call	7.033333333333333	5
7287654	7287654	contact	0	0
7287654	5911961	contact	0	0
7287654	8062379	contact	0	0
7287654	5911961	call	1.57	2
7287654	8062379	call	26.82	15
7289237	3956054	call	19.3	2
7321324	9342818	call	3.28	4
7321324	4601369	call	40.25	86
7321324	5290122	call	1.2333333333333	3
7321324	3344025	call	6.45	9
7321324	964400	call	26.65	20
7321324	4537180	call	4.88	2
7321324	2249507	call	2.08	3
7321324	5498757	call	1.73	4
7321324	6340496	call	29.55	53
7321324	6925892	call	45.17	63
7321324	4601369	call	41.12	87
7321324	3242540	call	120.62	127
7321324	3242540	call	94.95	107
7321324	6925892	call	48.43	69
7338178	570029	call	8.2666666666667	3
7350514	7100827	contact	0	0
7350514	7100827	call	7.5	6
7389748	8921522	call	1.6166666666667	2
7389748	6436524	call	2.6833333333333	2
7389748	1322128	call	3.1333333333333	4
7389748	425893	call	9.3	6
7389748	5479475	call	7.0833333333333	14
7389748	2754021	call	12.25	20
7389748	5479475	contact	0	0
7389748	8859193	call	3.23	3
7389748	2754021	call	7.5833333333333	12
7397355	2593682	call	3.63	2
7397355	4779605	call	2.13	2
7397355	5664128	call	1.63	2
7397355	9380113	call	1.53	2
7397355	1781	call	1.15	2
7397355	8727459	call	2.58	3
7397355	5010375	call	7.13	5
7397355	6976378	call	4.37	6
7397355	2456929	call	2.22	6
7397355	7939539	call	16.48	30
7397355	9397708	call	27.13	34
7397355	1768615	call	42.07	61
7397355	736660	call	78.92	112
7397355	4180008	call	2304.35	1773
7397355	5010375	call	5.5833333333333	4
7397355	8859193	call	1.2833333333333	2
7397355	6976378	call	3.2833333333333	6
7397355	1768615	call	25.683333333333	49
7397355	5818765	contact	0	0
7397355	4309601	call	98.23333333333333	149
7397355	736660	call	4.37	7
7397355	4180008	call	392.62	303
7397355	1322128	call	8.73	10
7425113	29560	contact	0	0
7425113	4485928	call	1.43	2
7425113	5335369	call	8.0	8
7425113	29560	contact	0	0
7425113	29560	call	7.83	2
7425113	5335369	call	7.15	7
7456897	570029	call	4.55	2
7456897	6544694	contact	0	0
7456897	3121381	call	1.38	2
7456897	3121381	call	1.38	2
7485946	3749831	call	28.73	19
7515287	1295822	call	1.1833333333333333	2
7566204	7905227	call	2.65	4
7566204	7707618	call	3.43	3
7566204	7905227	call	2.65	4
7588081	3344025	call	3.92	5
7588081	4537180	call	19.93	26
7588081	7694277	call	29.68	38
7634593	5479475	contact	0	0
7634593	5479475	call	977.32	1269
7634593	8156543	call	3.933333333333333	4
7634593	350333	call	88.75	109
7634593	8156543	call	2.45	2
7634593	701935	call	32.85	44
7634593	350333	call	95.3	120
7634593	5479475	call	660.38	878
7636922	6466333	call	44.4	42
7648975	711556	call	2.05	4
7665383	8711254	call	5.25	6
7665383	650639	call	2.72	5
7665383	983253	call	1.3833333333333333	2
7694277	7588081	call	29.68	38
7707618	7980275	call	835.56666666667	385
7707618	4102118	call	2.5666666666667	3
7707618	7980275	call	677.68333333333	291
7707618	7566204	call	3.43	3
7721397	3757805	call	1.1166666666667	3
7721397	8859193	call	29.72	34
7721397	146149	call	45.2	20
7721397	966484	call	34.8	23
7721397	6552399	contact	0	0
7721397	4507856	call	15.62	14
7732925	797702	call	2.0	4
7732925	2725613	contact	0	0
7732925	2675810	contact	0	0
7735949	3109282	call	1.3333333333333	4
7735949	1783876	call	25.55	15
7736575	6161235	call	17.333333333333	21
7736575	6817924	call	1.45	3
7736575	6161235	call	5.416666666666667	4
7736575	8995438	call	4.45	12
7736575	3264806	call	14.516666666666667	18
7744353	8931916	call	5.15	8
7744353	3930984	call	19.783333333333	17
7744353	8200320	call	46.03333333333333	28
7744353	1297887	call	6.966666666666667	4
7744353	8320374	call	3.0	4
7750262	2960023	call	2.35	2
7750262	2960023	call	3.47	4
7753566	736660	call	2.35	2
7753566	5301453	call	164.05	47
7755241	8317544	call	13.55	17
7755241	989157	call	2735.35	971
7758314	4507856	call	8.633333333333333	2
7758314	2689145	call	2.2333333333333334	2
7762438	2191649	call	34.47	3
7805279	3263865	call	53.5	43
7810481	425893	call	1.2166666666667	3
7821641	4460389	call	41.866666666667	4
7826016	8859193	call	606.18	552
7826016	8859193	call	162.91666666667	56
7905227	7566204	call	2.65	4
7905227	7566204	call	2.65	4
7939400	7084943	call	1.0666666666667	2
7939400	8734185	call	4.1	2
7939539	7397355	call	16.48	30
7939539	2689145	call	33.516666666666666	59
7939539	2675810	contact	0	0
7939539	1768615	call	144.36666666667	102
7939539	5818765	contact	0	0
7939539	736660	call	48.03	59
7939539	9380113	call	2.8	3
7943610	2489119	call	2.8	2
7980275	7707618	call	835.56666666667	385
7980275	7707618	call	677.68333333333	291
7999398	4793856	call	109.28333333333	35
7999398	1322128	call	3.85	4
8003631	29560	call	9.88	3
8003631	8590992	call	19.42	6
8003631	8828413	call	88.93	46
8003631	29560	contact	0	0
8003631	29560	call	12.5	5
8010719	5971797	call	9.75	10
8010719	5971797	call	8.466666666666667	15
8037108	5591672	call	3.48	4
8037108	5591672	call	3.52	4
8052914	2595398	call	12.866666666667	11
8053568	4235380	call	6.866666666666666	7
8053568	4235380	call	81.08333333333333	84
8062379	7287654	contact	0	0
8062379	7287654	call	26.82	15
8062379	1234741	call	4.6	2
8075583	3559930	call	1.37	2
8076259	3039972	call	2.93	3
8114107	3624948	call	74.05	29
8124987	5032	call	10.72	13
8124987	8124987	contact	0	0
8124987	5032	contact	0	0
8156543	5479475	contact	0	0
8156543	5479475	call	35.38	62
8156543	7634593	call	3.933333333333333	4
8156543	5479475	call	27.833333333333332	46
8156543	7634593	call	2.45	2
8162221	797702	call	13.7	24
8162221	2976872	call	1.55	2
8196531	2488275	contact	0	0
8196531	2488275	call	1.68	3
8200320	8713990	call	2.033333333333333	2
8200320	42001	call	15.216666666666667	22
8200320	7744353	call	46.03333333333333	28
8200320	1297887	call	104.05	107
8200320	1297887	call	107.15	95
8212063	3534406	call	1.23	2
8213436	1769750	call	214.81666666667	242
8213436	2754021	call	6.1	3
8213436	2754021	call	3.3333333333333	2
8213436	1769750	call	209.45	208
8215884	6932900	call	4.266666666666667	4
8215884	3436992	contact	0	0
8215884	8859193	contact	0	0
8215884	4251715	contact	0	0
8215884	425893	contact	0	0
8215884	5517881	contact	0	0
8215884	1324419	contact	0	0
8215884	2229507	contact	0	0
8215884	2754021	contact	0	0
8215884	1781	contact	0	0
8215884	8783797	contact	0	0
8215884	8783797	call	3.9	3
8215884	4251715	call	11.03	5
8215884	425893	call	2.77	5
8215884	2229507	call	1.78	5
8215884	8859193	call	2.85	6
8215884	425893	call	9.9666666666667	14
8225806	4411857	call	46.5	15
8225806	3559930	call	41.55	5
8239005	4092537	call	38.22	52
8239005	5770677	call	33.583333333333336	50
8279785	2754021	call	2.98	2
8279785	971478	call	117.63	81
8279785	971478	call	72.1	59
8317544	8889539	call	2.25	2
8317544	1541657	call	11.35	6
8317544	7755241	call	13.55	17
8317544	1132388	call	34.95	69
8317544	6466333	call	3.82	5
8317544	1132388	call	79.28	119
8317544	2063213	call	5.47	9
8317544	2324711	call	1.45	4
8317995	5970554	call	1.9166666666667	3
8317995	6844305	call	2.13	3
8317995	8972922	call	22.33	3
8317995	6844305	call	9.65	10
8320374	1511345	call	3.4666666666667	2
8320374	7744353	call	3.0	4
8327874	7167204	call	1.0333333333333	3
8330937	2063213	call	59.45	74
8335578	8972922	call	2.55	5
8341692	82877	contact	0	0
8341692	82877	call	9.03	3
8366049	8366049	contact	0	0
8366049	1322128	call	6.97	6
8366049	1322128	call	6.95	6
8385637	6482854	call	2.88	3
8385637	5895500	call	22.65	13
8385637	5679667	call	49.55	45
8457717	9389751	call	4.4333333333333	5
8457717	4107924	call	16.57	4
8457717	3467294	call	4.13	5
8457717	3467294	call	15.55	5
8465652	6100620	call	1.27	2
8473116	8859193	call	51.92	114
8473116	1717203	call	4.4333333333333	12
8473116	6334566	contact	0	0
8473116	6334566	call	21.95	30
8473116	4779605	call	2.93	3
8473116	9380113	call	1.38	3
8473116	7231071	call	81.45	141
8473116	4779605	call	2.93	3
8473116	9380113	call	1.4	3
8473116	6334566	call	14.5	21
8473116	8859193	call	24.18	50
8473116	1440076	call	45.0	57
8473116	7231071	call	71.0	130
8480470	1322128	call	3.533333333333333	2
8480470	2689145	call	4.083333333333333	6
8487962	4280789	call	2.9333333333333	4
8500856	482860	call	2.25	3
8519002	2356944	call	23.466666666667	16
8519002	2356944	contact	0	0
8528712	6466333	call	9.83	10
8528712	4041791	contact	0	0
8528712	4092537	call	60.8	51
8528712	42001	call	2.15	4
8528712	6466333	call	6.25	5
8528712	5783894	call	4.4	5
8528712	6544694	call	15.13	10
8528712	4092537	call	67.1	61
8528712	5517881	call	53.85	77
8528712	6544694	call	8.38	6
8560744	896890	contact	0	0
8560744	4688307	contact	0	0
8560744	330880	contact	0	0
8560744	896890	call	2.3	8
8560744	330880	call	12.93	12
8560744	4688307	call	33.4	39
8560744	896890	call	2.28	8
8560744	330880	call	8.23	7
8560744	4688307	call	33.15	39
8590992	8003631	call	19.42	6
8590992	1358001	call	4.8666666666667	9
8615925	5756524	call	5.75	9
8674558	1781	call	5.73	10
8675069	6976378	call	8.58	14
8698288	5565902	call	9.05	9
8698288	5565902	call	9.1666666666667	9
8707940	788391	call	8.3166666666667	6
8707940	4688307	call	14.366666666667	16
8707940	788391	contact	0	0
8711254	7665383	call	5.25	6
8713990	6912461	call	32.166666666666664	42
8713990	8200320	call	2.033333333333333	2
8713990	1297887	call	2920.9	1302
8713990	1725558	call	14.433333333333334	23
8724081	1324419	call	4.32	4
8724081	9034156	call	20.2	14
8724081	8859193	call	9.7333333333333	16
8724081	861624	call	9.9666666666667	13
8724081	1324419	call	3.78	3
8725700	3626396	call	7.616666666666666	3
8725700	968925	call	3.7333333333333	2
8725700	3626396	call	5.2833333333333	3
8727459	7397355	call	2.58	3
8727459	2725613	call	1.77	3
8727459	8859193	call	3.48	5
8734185	4320924	call	15.033333333333	17
8734185	5331403	call	304.4166666666667	349
8734185	7939400	call	4.1	2
8734185	5331403	call	274.2	306
8738707	4620296	call	3.45	4
8738707	5606458	contact	0	0
8738707	5606458	same_phone	0	0
8747415	8834715	call	75.68	2
8747415	1358001	call	175.63333333333	7
8747415	4013953	call	2.3666666666667	4
8747415	1358001	contact	0	0
8747415	4013953	contact	0	0
8775971	3514105	contact	0	0
8775971	3514105	call	4.17	2
8783797	8215884	contact	0	0
8783797	8215884	call	3.9	3
8783797	8942346	call	11.05	20
8783797	9082974	call	26.92	26
8804289	1781405	call	6.0	6
8804289	3624948	call	23.97	23
8804289	3624948	contact	0	0
8804289	3624948	call	4.5	3
8828413	8003631	call	88.93	46
8828413	1160687	call	10.516666666666667	8
8834715	8747415	call	75.68	2
8852265	4102118	contact	0	0
8852265	6265424	contact	0	0
8852265	4102118	contact	0	0
8852265	3669072	call	4.23	2
8852265	6265424	call	5.0	7
8852265	4102118	call	219.43	136
8859193	8215884	contact	0	0
8859193	1809365	call	3.3	2
8859193	2675810	call	1.75	2
8859193	7397355	call	1.2833333333333	2
8859193	7389748	call	3.23	3
8859193	6496482	call	2.87	3
8859193	110966	call	1.4833333333333	3
8859193	4041791	call	3.58	4
8859193	8727459	call	3.48	5
8859193	2689145	call	2.88	5
8859193	6166898	call	3.9	5
8859193	8215884	call	2.85	6
8859193	2324711	call	9.4333333333333	14
8859193	8724081	call	9.7333333333333	16
8859193	7721397	call	29.72	34
8859193	7231071	call	23.05	34
8859193	8473116	call	51.92	114
8859193	7826016	call	606.18	552
8859193	7826016	call	162.91666666667	56
8859193	4041791	contact	0	0
8859193	4041791	call	8.95	6
8859193	7231071	call	18.65	29
8859193	6496482	call	2.466666666666667	2
8859193	8473116	call	24.18	50
8889539	8317544	call	2.25	2
8889539	6466333	call	8.07	9
8889539	6290168	call	4.93	14
8889539	1132388	call	5.23	10
8889539	6466333	call	4.62	6
8889539	1132388	call	5.22	10
8889539	6290168	call	4.63	13
8921522	7389748	call	1.6166666666667	2
8925863	2488275	call	2.9	3
8925863	4735493	call	64.65	14
8925863	7283011	call	49.31666666666667	29
8925863	7283011	call	60.266666666666666	36
8925863	2488275	contact	0	0
8925863	2488275	call	2.88	3
8925863	4735493	call	4.73	5
8925863	4620296	call	115.68333333333334	118
8931916	7744353	call	5.15	8
8931916	5591672	call	7.33	19
8931916	3930984	call	3.45	5
8931916	5591672	call	1.45	2
8934970	2689145	call	16.816666666666666	37
8934970	4041791	contact	0	0
8934970	2689145	call	36.61666666666667	58
8934970	4407579	call	966.6833333333333	1143
8934970	4407579	call	849.38	1141
8934970	7180559	same_phone	0	0
8942346	2896336	call	4.5166666666667	5
8942346	3626396	call	1.85	4
8942346	2896336	call	4.5166666666667	5
8942346	34508	call	4.9333333333333	9
8942346	8783797	call	11.05	20
8942346	6995548	call	16.766666666667	26
8942346	9082974	call	123.01666666667	209
8943684	5485513	call	1.5333333333333	3
8943684	1633168	call	23.133333333333	34
8943684	1563570	call	50.6	78
8943684	1563570	call	15.53	9
8943684	1633168	call	9.77	17
8972922	8317995	call	22.33	3
8972922	8335578	call	2.55	5
8975793	6466333	call	1.9	3
8975793	6290168	call	30.25	48
8975793	2063213	call	13.53	22
8984817	8984817	contact	0	0
8984817	5045431	contact	0	0
8984817	5045431	call	4.37	4
8995438	6161235	call	3.8166666666667	4
8995438	5837585	call	1.55	2
8995438	7736575	call	4.45	12
8996746	1749829	call	4.37	10
9011632	923334	call	2.9833333333333	9
9011632	6736780	call	3.5	5
9011632	3475435	contact	0	0
9011632	3475435	call	452.68333333333334	528
9011632	6736780	call	3.55	5
9011632	6303547	call	17.25	34
9011632	3475435	call	416.78	501
9011632	6303547	contact	0	0
9011632	6303547	call	8.52	11
9019070	6161235	call	6.3833333333333	4
9019070	2764114	call	11.68	6
9019070	2764114	call	33.8	15
9034156	8724081	call	20.2	14
9034156	444148	call	80.67	6
9050881	2365966	call	1.6333333333333	2
9050881	3060148	call	2.4166666666667	5
9050881	513765	call	5.95	6
9050881	7231071	call	134.63333333333	82
9050881	7167204	call	181.55	225
9050881	7167204	call	171.66666666667	215
9050881	5029603	call	6.933333333333334	2
9050881	7231071	call	7.07	8
9050881	158204	call	17.12	17
9050881	5591672	call	12.62	22
9055853	570029	call	2.73	2
9055853	570029	call	6.3	9
9067173	2639019	call	9.85	5
9067173	2639019	contact	0	0
9079488	1597794	call	1.8	3
9079488	5351746	call	4.55	3
9082974	3626396	call	8.183333333333334	8
9082974	8942346	call	123.01666666667	209
9082974	2851089	call	2.033333333333333	2
9082974	2851089	call	2.05	2
9082974	3626396	call	2.9	5
9082974	8783797	call	26.92	26
9082974	3350559	call	39.4	60
9150958	940610	contact	0	0
9150958	940610	call	3.5	4
9150958	6402665	contact	0	0
9150958	940610	call	3.5	4
9150958	6402665	call	5.97	9
9178900	3873790	call	7.42	2
9178900	158204	call	3.82	2
9186413	389591	call	1.95	2
9223047	6552399	call	34.983333333333334	28
9261944	5787700	contact	0	0
9261944	5787700	call	2.02	3
9261944	7161824	call	2.42	4
9262962	353529	call	1.6166666666667	2
9274515	190338	call	2.0	3
9329573	1986004	call	8.5	2
9329573	1322128	call	2.07	2
9340305	3669072	call	1.5	3
9342818	7321324	call	3.28	4
9342818	3242540	call	14.5	18
9342818	3242540	call	6.37	6
9366868	2689145	call	7.666666666666667	11
9366868	4041791	contact	0	0
9366868	1717203	call	62.05	34
9366868	2689145	call	1.5166666666667	2
9366868	6693258	call	8.9166666666667	3
9366868	7161824	call	20.85	9
9366868	797702	call	10.233333333333	9
9366868	5398199	call	30.55	19
9366868	1717203	call	59.816666666667	21
9366868	6334566	contact	0	0
9379155	2488275	call	3.58	4
9379155	5484458	call	3.28	4
9379557	3536731	call	13.233333333333	12
9379557	3536731	contact	0	0
9379557	1725558	contact	0	0
9379557	1725558	call	86.12	145
9379557	1725558	call	101.28333333333333	188
9380113	7397355	call	1.53	2
9380113	5479475	contact	0	0
9380113	6175833	call	2.816666666666667	3
9380113	2689145	call	3.5166666666666666	7
9380113	1564293	call	2.92	2
9380113	4041791	contact	0	0
9380113	4041791	call	13.23	3
9380113	7161824	call	3.63	2
9380113	3199469	call	14.07	3
9380113	5514483	contact	0	0
9380113	5514483	call	3.82	5
9380113	1564293	call	2.9	2
9380113	3199469	call	14.07	3
9380113	7939539	call	2.8	3
9380113	8473116	call	1.38	3
9380113	5479475	call	8.67	5
9380113	5514483	call	3.82	5
9380113	2443598	call	43.98	11
9380113	8473116	call	1.4	3
9389751	5010375	call	1106.1833333333	851
9389751	2273557	call	9.7	5
9389751	8457717	call	4.4333333333333	5
9389751	5010375	call	1079.3666666667	762
9391573	1778766	call	12.33	4
9397708	7397355	call	27.13	34
9397708	3328333	call	215.7	258
9469456	2675810	contact	0	0
9469456	5504155	call	6.033333333333333	7
9469456	5301453	call	1.88	2
9489750	5351746	call	3.3	5
9489750	5351746	contact	0	0
9508617	7091725	call	5.8833333333333	8
9508617	2896336	call	5.2333333333333	6
9508617	4041791	contact	0	0
9508617	4041791	call	6.58	7
9508617	4041791	call	13.47	19
9518355	5351746	call	3.3333333333333	5
9525707	3873790	call	7.12	11
9525707	3873790	call	9.42	16
